//	Model dimensions: 130 x 120 x 230 (w x h x l)
//	Textures used: boa2_redux.png

NVERTS 6
NFACES 8

VERTEX
-65.000000,  3.000000,-115.000000
 -0.000000,-60.000000,-68.000000
 -0.000000,  4.000000,115.000000
-59.000000, 60.000000,-88.000000
 59.000000, 60.000000,-88.000000
 65.000000,  3.000000,-115.000000

FACES
127,127,127,	 -0.755620, -0.618290,  0.216230,	3,	1,0,2
127,127,127,	 -0.961913, -0.027570,  0.271961,	3,	2,0,3
127,127,127,	 -0.000000,  0.428089, -0.903737,	3,	3,0,5
127,127,127,	 -0.000000,  0.963992,  0.265931,	3,	4,2,3
127,127,127,	 -0.000000,  0.428089, -0.903737,	3,	4,3,5
127,127,127,	 -0.000000, -0.597963, -0.801524,	3,	5,0,1
127,127,127,	  0.755620, -0.618290,  0.216230,	3,	5,1,2
127,127,127,	  0.961913, -0.027570,  0.271961,	3,	5,2,4

TEXTURES
boa2_redux.png  	1.0 1.0    0.050668 0.312445 0.155492 0.580333 0.500013 0.000889
boa2_redux.png  	1.0 1.0    0.500013 0.000889 0.155492 0.580333 0.333596 0.594834
boa2_redux.png  	1.0 1.0    0.333596 0.594834 0.316656 0.772725 0.683319 0.772725
boa2_redux.png  	1.0 1.0    0.666413 0.594834 0.500013 0.000889 0.333596 0.594834
boa2_redux.png  	1.0 1.0    0.666413 0.594834 0.333596 0.594834 0.683319 0.772725
boa2_redux.png  	1.0 1.0    0.683319 0.772725 0.316656 0.772725 0.500013 0.994416
boa2_redux.png  	1.0 1.0    0.844519 0.580333 0.949393 0.312445 0.500013 0.000889
boa2_redux.png  	1.0 1.0    0.844519 0.580333 0.500013 0.000889 0.666413 0.594834

END
