// Converted by Obj2DatTexNorm.py Wavefront OBJ file conversion script
// (c) 2005-2013 By Giles Williams and Jens Ayton
// 
// original file: "grs_dock2.obj"
// 
// model size: 342.466 x 114.155 x 76.401
// 
// materials used: ['grs_dock.png']
// 
NVERTS 44
NFACES 44

VERTEX
-171.23379 57.0786 -76.40143
-168.94057 53.36771 -76.40143
171.2318 57.0786 -76.40143
-171.23379 57.0786 -76.40143
-171.23379 54.9262 -74.29359
-171.23379 -57.0766 -76.40143
-171.23379 57.0786 -76.40143
-168.28346 57.0786 -3.16808
-171.23379 57.0786 -0.001
-171.23379 57.0786 -0.001
-171.23379 -54.9933 -1.92089
-171.23379 54.92618 -1.92088
171.2318 57.0786 -0.001
171.2318 57.0786 -0.001
171.2318 54.92617 -1.92089
171.2318 -57.0766 -0.001
168.11408 57.0786 -3.16809
171.2318 57.0786 -76.40143
168.93504 -52.87646 -76.40143
171.2318 -57.0766 -76.40143
160.09912 53.36771 -76.40143
168.93504 53.3677 -76.40143
171.2318 57.0786 -76.40143
171.2318 -54.99329 -74.29361
171.2318 54.92619 -74.2936
-158.44977 57.0786 -73.54945
-171.23379 -57.0766 -76.40143
-158.63341 -52.87646 -76.40143
-168.94057 -52.87646 -76.40143
-171.23379 -57.0766 -0.001
-171.23379 -54.99328 -74.2936
-171.23379 -57.0766 -76.40143
-168.28354 -57.0766 -73.54945
-158.44977 -57.0766 -73.54945
171.2318 -57.0766 -76.40143
-171.23379 -57.0766 -0.001
-168.28346 -57.0766 -3.16808
171.2318 -57.0766 -76.40143
171.2318 -54.99332 -1.92089
171.2318 -57.0766 -0.001
168.11408 -57.0766 -3.16809
-168.28354 57.0786 -73.54945
168.11401 57.0786 -73.54946
168.11401 -57.0766 -73.54945

FACES
0 0 0	0 0 0	3	0 1 2
0 0 0	0 0 0	3	3 4 5
0 0 0	0 0 0	3	6 7 8
0 0 0	0 0 0	3	9 10 11
0 0 0	0 0 0	3	9 4 3
0 0 0	0 0 0	3	8 7 12
0 0 0	0 0 0	3	13 14 15
0 0 0	0 0 0	3	12 16 17
0 0 0	0 0 0	3	2 18 19
0 0 0	0 0 0	3	2 1 20
0 0 0	0 0 0	3	2 20 21
0 0 0	0 0 0	3	22 23 24
0 0 0	0 0 0	3	22 14 13
0 0 0	0 0 0	3	17 25 6
0 0 0	0 0 0	3	26 27 28
0 0 0	0 0 0	3	26 18 27
0 0 0	0 0 0	3	26 1 0
0 0 0	0 0 0	3	5 10 29
0 0 0	0 0 0	3	5 4 30
0 0 0	0 0 0	3	31 32 33
0 0 0	0 0 0	3	31 33 34
0 0 0	0 0 0	3	29 10 9
0 0 0	0 0 0	3	35 36 31
0 0 0	0 0 0	3	15 23 37
0 0 0	0 0 0	3	15 14 38
0 0 0	0 0 0	3	39 40 35
0 0 0	0 0 0	3	19 18 26
0 0 0	0 0 0	3	37 23 22
0 0 0	0 0 0	3	34 40 39
0 0 0	0 0 0	3	28 1 26
0 0 0	0 0 0	3	21 18 2
0 0 0	0 0 0	3	38 23 15
0 0 0	0 0 0	3	30 10 5
0 0 0	0 0 0	3	11 4 9
0 0 0	0 0 0	3	24 14 22
0 0 0	0 0 0	3	7 6 41
0 0 0	0 0 0	3	7 16 12
0 0 0	0 0 0	3	32 31 36
0 0 0	0 0 0	3	36 35 40
0 0 0	0 0 0	3	42 17 16
0 0 0	0 0 0	3	40 34 43
0 0 0	0 0 0	3	43 34 33
0 0 0	0 0 0	3	25 17 42
0 0 0	0 0 0	3	25 41 6

TEXTURES
0	1.0 1.0	0 0.70047	0.00602 0.7102	0.8986 0.70047
0	1.0 1.0	0.40094 0	0.3954 0.00565	0.40094 0.29953
0	1.0 1.0	0.8986 0.29953	0.89086 0.49169	0.8986 0.5
0	1.0 1.0	0.20047 0	0.20551 0.29407	0.20551 0.00565
0	1.0 1.0	0.20047 0	0.3954 0.00565	0.40094 0
0	1.0 1.0	0.8986 0.5	0.89086 0.49169	0 0.5
0	1.0 1.0	0.20047 0	0.19543 0.00565	0.20047 0.29953
0	1.0 1.0	0 0.5	0.00818 0.49169	0 0.29953
0	1.0 1.0	0.8986 0.70047	0.89257 0.98898	0.8986 1
0	1.0 1.0	0.8986 0.70047	0.00602 0.7102	0.86939 0.7102
0	1.0 1.0	0.8986 0.70047	0.86939 0.7102	0.89257 0.7102
0	1.0 1.0	0 0	0.00553 0.29407	0.00553 0.00565
0	1.0 1.0	0 0	0.19543 0.00565	0.20047 0
0	1.0 1.0	0 0.29953	0.86505 0.30702	0.8986 0.29953
0	1.0 1.0	0 1	0.03306 0.98898	0.00602 0.98898
0	1.0 1.0	0 1	0.89257 0.98898	0.03306 0.98898
0	1.0 1.0	0 1	0.00602 0.7102	0 0.70047
0	1.0 1.0	0.40094 0.29953	0.20551 0.29407	0.20047 0.29953
0	1.0 1.0	0.40094 0.29953	0.3954 0.00565	0.3954 0.29407
0	1.0 1.0	0 0.5	0.00774 0.50748	0.03354 0.50748
0	1.0 1.0	0 0.5	0.03354 0.50748	0.8986 0.5
0	1.0 1.0	0.20047 0.29953	0.20551 0.29407	0.20047 0
0	1.0 1.0	0 0.70047	0.00774 0.69216	0 0.5
0	1.0 1.0	0.20047 0.29953	0.00553 0.29407	0 0.29953
0	1.0 1.0	0.20047 0.29953	0.19543 0.00565	0.19543 0.29407
0	1.0 1.0	0.8986 0.70047	0.89042 0.69216	0 0.70047
0	1.0 1.0	0.8986 1	0.89257 0.98898	0 1
0	1.0 1.0	0 0.29953	0.00553 0.29407	0 0
0	1.0 1.0	0.8986 0.5	0.89042 0.69216	0.8986 0.70047
0	1.0 1.0	0.00602 0.98898	0.00602 0.7102	0 1
0	1.0 1.0	0.89257 0.7102	0.89257 0.98898	0.8986 0.70047
0	1.0 1.0	0.19543 0.29407	0.00553 0.29407	0.20047 0.29953
0	1.0 1.0	0.3954 0.29407	0.20551 0.29407	0.40094 0.29953
0	1.0 1.0	0.20551 0.00565	0.3954 0.00565	0.20047 0
0	1.0 1.0	0.00553 0.00565	0.19543 0.00565	0 0
0	1.0 1.0	0.89086 0.49169	0.8986 0.29953	0.89086 0.30702
0	1.0 1.0	0.89086 0.49169	0.00818 0.49169	0 0.5
0	1.0 1.0	0.00774 0.50748	0 0.5	0.00774 0.69216
0	1.0 1.0	0.00774 0.69216	0 0.70047	0.89042 0.69216
0	1.0 1.0	0.00818 0.30702	0 0.29953	0.00818 0.49169
0	1.0 1.0	0.89042 0.69216	0.8986 0.5	0.89042 0.50748
0	1.0 1.0	0.89042 0.50748	0.8986 0.5	0.03354 0.50748
0	1.0 1.0	0.86505 0.30702	0 0.29953	0.00818 0.30702
0	1.0 1.0	0.86505 0.30702	0.89086 0.30702	0.8986 0.29953

NAMES 1
grs_dock.png

NORMALS
-0.40825 0.8165 -0.40825
0 0 -1
0.52981 0.52981 -0.66227
-0.40825 0.8165 -0.40825
-1 0 0
-0.52981 -0.52981 -0.66227
-0.40825 0.8165 -0.40825
0 1 0
-0.89443 0.44721 0
-0.89443 0.44721 0
-1 0 0
-1 0 0
0.5547 0.83205 0
0.5547 0.83205 0
1 0 0
0.89443 -0.44721 0
0 1 0
0.52981 0.52981 -0.66227
0 0 -1
0.40825 -0.8165 -0.40825
0 0 -1
0 0 -1
0.52981 0.52981 -0.66227
1 0 0
1 0 0
0 1 0
-0.52981 -0.52981 -0.66227
0 0 -1
0 0 -1
-0.5547 -0.83205 0
-1 0 0
-0.52981 -0.52981 -0.66227
0 -1 0
0 -1 0
0.40825 -0.8165 -0.40825
-0.5547 -0.83205 0
0 -1 0
0.40825 -0.8165 -0.40825
1 0 0
0.89443 -0.44721 0
0 -1 0
0 1 0
0 1 0
0 -1 0

END
