// model size: 280.210 x 80.216 x 170.330
// textures used: ['grs_screen.png']

NVERTS 4
NFACES 2

VERTEX
280.21014, 28.36501, -170.32956
280.21014, 28.36501, -31.68945
277.40695, -51.85100, -170.32956
277.40695, -51.85100, -31.68945

FACES
127,127,127,	-0.99939,0.03492,-0.00000,	3,	1,2,0
128,127,127,	-0.99939,0.03492,-0.00000,	3,	1,3,2

TEXTURES
grs_screen.png	1.0 1.0	0.00000 0.21053	1.00000 0.78947	1.00000 0.21053
grs_screen.png	1.0 1.0	0.00000 0.21053	0.00000 0.78947	1.00000 0.78947

END
