// model size: 1454.891 x 1736.313 x 1456.835
// textures used: ['grs_living.png']

NVERTS 168
NFACES 294

VERTEX
761.89746, 116.83217, 760.19861
870.11798, 116.83217, 684.42181
997.72919, 116.83217, 650.22852
1129.33936, 116.83217, 661.74286
1249.07422, 116.83217, 717.57617
1342.49207, 116.83217, 810.99408
1398.32532, 116.83217, 930.72900
1409.83972, 116.83217, 1062.33911
1375.64636, 116.83217, 1189.95032
1299.86951, 116.83217, 1298.17078
1191.64905, 116.83217, 1373.94763
1064.03784, 116.83217, 1408.14087
932.42773, 116.83217, 1396.62646
812.69281, 116.83217, 1340.79309
719.27496, 116.83217, 1247.37524
663.44171, 116.83217, 1127.64026
651.92737, 116.83217, 996.03021
686.12073, 116.83217, 868.41901
742.51367, 161.99527, 740.81488
858.53278, 161.99527, 659.57739
995.33997, 161.99527, 622.92004
1136.43420, 161.99527, 635.26416
1264.79749, 161.99527, 695.12091
1364.94727, 161.99527, 795.27075
1424.80408, 161.99527, 923.63397
1437.14819, 161.99527, 1064.72827
1400.49084, 161.99527, 1201.53540
1319.25330, 161.99527, 1317.55444
1203.23413, 161.99527, 1398.79199
1066.42700, 161.99527, 1435.44934
925.33276, 161.99527, 1423.10522
796.96948, 161.99527, 1363.24841
760.63354, 207.15837, 758.93475
869.36255, 207.15837, 682.80194
997.57336, 207.15837, 648.44794
1129.80188, 207.15837, 660.01642
1250.09924, 207.15837, 716.11206
1343.95605, 207.15837, 809.96887
1400.05176, 207.15837, 930.26636
1411.62024, 207.15837, 1062.49487
1377.26624, 207.15837, 1190.70557
1301.13342, 207.15837, 1299.43457
1192.40442, 207.15837, 1375.56738
1064.19360, 207.15837, 1409.92139
931.96515, 207.15837, 1398.35291
717.81085, 207.15837, 1248.40039
901.36792, 30.52427, 901.87952
1014.29279, 30.52427, 849.22180
1077.31250, 30.52427, 854.73529
1134.64600, 30.52427, 881.47034
1179.37793, 30.52427, 926.20227
1206.11304, 30.52427, 983.53571
1211.62646, 30.52427, 1046.55542
1195.25342, 30.52427, 1107.66040
1158.96875, 30.52427, 1159.48035
1107.14880, 30.52427, 1195.76514
1046.04382, 30.52427, 1212.13806
983.02405, 30.52427, 1206.62451
1088.95032, 289.93298, 811.30249
1160.43689, 289.93298, 844.63721
1216.21106, 289.93298, 900.41144
1249.54578, 289.93298, 971.89795
1256.42029, 289.93298, 1050.47449
1236.00549, 289.93298, 1126.66345
1190.76367, 289.93298, 1191.27539
1126.15173, 289.93298, 1236.51721
1049.96277, 289.93298, 1256.93188
995.75519, -342.10794, 994.05627
1029.78711, -342.10794, 979.95978
1063.81909, -342.10794, 994.05627
1077.91553, -342.10794, 1028.08826
1063.81909, -342.10794, 1062.12024
1029.78711, -342.10794, 1076.21667
995.75519, -342.10794, 1062.12024
981.65869, -342.10794, 1028.08826
960.85370, 764.79584, 959.15485
1029.78711, 764.79584, 930.60168
1098.72058, 764.79584, 959.15485
1127.27368, 764.79584, 1028.08826
1098.72058, 764.79584, 1097.02161
1029.78711, 764.79584, 1125.57483
960.85370, 764.79584, 1097.02161
932.30054, 764.79584, 1028.08826
911.74567, 118.92432, 915.17029
901.07648, 118.92432, 954.98828
930.22528, 118.92432, 984.13708
970.04327, 118.92432, 973.46790
980.71252, 118.92432, 933.64984
951.56366, 118.92432, 904.50104
940.89447, -573.61725, 944.31909
1041.58374, -639.41241, 1036.87158
1045.14185, -639.41229, 1037.82495
1042.53711, -639.41241, 1040.42969
1036.96472, 199.25311, 1032.25269
1051.45142, 199.25311, 1036.13440
1040.84644, 199.25311, 1046.73938
1043.08752, 1096.90051, 1038.37549
1019.55597, 483.24603, 997.18835
1034.23511, 483.24603, 1001.12164
1023.48926, 483.24603, 1011.86749
1025.76013, 1073.58716, 1003.39252
953.18787, 30.52427, 865.59485
934.18488, 289.93298, 824.84277
869.57288, 289.93298, 870.08453
1010.37384, 289.93298, 804.42798
971.38629, 289.93298, 1250.05737
925.69061, 30.52427, 1179.88953
899.89978, 289.93298, 1216.72266
880.95868, 30.52427, 1135.15759
844.12561, 289.93298, 1160.94849
854.22369, 30.52427, 1077.82410
810.79089, 289.93298, 1089.46191
848.71021, 30.52427, 1014.80438
803.91638, 289.93298, 1010.88544
865.08319, 30.52427, 953.69946
824.33118, 289.93298, 934.69641
696.81976, 161.99527, 1263.09851
636.96301, 161.99527, 1134.73523
624.61890, 161.99527, 993.64105
661.27625, 161.99527, 856.83386
811.66766, 207.15837, 1342.25720
661.71527, 207.15837, 1128.10291
650.14685, 207.15837, 995.87445
684.50079, 207.15837, 867.66364
1057.69775, 287.42075, 1018.56598
983.82397, 287.87720, 944.27612
1048.68750, 371.18518, 1014.45160
973.11475, 337.62427, 933.56689
1053.32703, 501.45752, 1015.09808
937.87341, 454.52628, 898.32556
1025.91626, 624.42188, 986.36841
878.96777, 567.06897, 839.41992
935.76636, 737.75873, 896.21851
797.84833, 672.47003, 758.30054
823.14960, 843.83356, 783.60181
696.51239, 767.44348, 656.96460
690.83881, 938.31097, 651.29102
577.45532, 848.36005, 537.90753
542.09204, 1004.18463, 502.54428
443.60861, 911.59735, 404.06085
380.57184, 1043.27344, 341.02411
298.26797, 954.01373, 258.72025
210.25569, 1050.96289, 170.70798
145.01219, 973.44977, 105.46448
50.77880, 1051.18359, 12.02217
19.43459, 966.21136, -21.38553
1022.34241, 287.42072, 1053.92126
945.74786, 287.87720, 982.35229
1013.18176, 371.18518, 1049.95740
934.99622, 337.62427, 971.68536
1017.34949, 501.45752, 1051.07556
899.62354, 454.52628, 936.57550
989.22900, 624.42188, 1023.05560
840.52557, 567.06897, 877.86212
898.26379, 737.75873, 933.72113
759.19733, 672.47003, 796.95154
784.89191, 843.83356, 821.85950
657.69165, 767.44348, 695.78534
652.06787, 938.31097, 690.06201
538.56445, 848.36005, 576.79840
503.22644, 1004.18463, 541.40985
404.80569, 911.59735, 442.86377
342.18167, 1043.27344, 379.41425
259.76062, 954.01373, 297.22778
173.01897, 1050.96289, 207.94469
107.04181, 973.44977, 143.43486
15.42346, 1051.18359, 47.37751
-17.74326, 966.21136, 15.79232

FACES
127,127,127,	0.00000,-1.00000,0.00000,	3,	0,17,1
128,127,127,	-0.49233,-0.51308,-0.70311,	3,	0,19,18
129,127,127,	-0.70311,-0.51308,-0.49233,	3,	0,119,17
130,127,127,	0.00000,-1.00000,0.00000,	3,	1,17,2
131,127,127,	-0.49233,-0.51308,-0.70311,	3,	1,19,0
132,127,127,	0.00000,-1.00000,-0.00000,	3,	2,4,3
133,127,127,	-0.22216,-0.51308,-0.82910,	3,	2,19,1
134,127,127,	0.07481,-0.51308,-0.85508,	3,	2,21,20
135,127,127,	0.07481,-0.51308,-0.85508,	3,	3,21,2
136,127,127,	-0.00000,-1.00000,0.00000,	3,	4,2,5
137,127,127,	0.36275,-0.51308,-0.77792,	3,	4,21,3
138,127,127,	0.60694,-0.51308,-0.60694,	3,	4,23,22
139,127,127,	-0.00000,-1.00000,0.00000,	3,	5,2,6
140,127,127,	0.60694,-0.51308,-0.60694,	3,	5,23,4
141,127,127,	-0.00000,-1.00000,0.00000,	3,	6,2,9
142,127,127,	0.00000,-1.00000,0.00000,	3,	6,8,7
143,127,127,	0.77792,-0.51308,-0.36275,	3,	6,23,5
144,127,127,	0.85508,-0.51308,-0.07481,	3,	6,25,24
145,127,127,	0.85508,-0.51308,-0.07481,	3,	7,25,6
146,127,127,	-0.00000,-1.00000,-0.00000,	3,	8,6,9
147,127,127,	0.82910,-0.51308,0.22216,	3,	8,25,7
148,127,127,	0.70311,-0.51308,0.49233,	3,	8,27,26
149,127,127,	-0.00000,-1.00000,-0.00000,	3,	9,2,16
150,127,127,	0.00000,-1.00000,0.00000,	3,	9,11,10
151,127,127,	0.70311,-0.51308,0.49233,	3,	9,27,8
152,127,127,	0.49233,-0.51308,0.70311,	3,	10,27,9
153,127,127,	0.22216,-0.51308,0.82910,	3,	10,29,28
154,127,127,	-0.00000,-1.00000,-0.00000,	3,	11,9,13
155,127,127,	-0.00000,-1.00000,0.00000,	3,	11,13,12
156,127,127,	0.22216,-0.51308,0.82910,	3,	11,29,10
157,127,127,	-0.07481,-0.51308,0.85508,	3,	12,29,11
158,127,127,	-0.36275,-0.51308,0.77792,	3,	12,31,30
159,127,127,	-0.00000,-1.00000,-0.00000,	3,	13,9,15
160,127,127,	-0.00000,-1.00000,0.00000,	3,	13,15,14
161,127,127,	-0.36275,-0.51308,0.77792,	3,	13,31,12
162,127,127,	-0.60694,-0.51308,0.60694,	3,	14,31,13
163,127,127,	-0.77792,-0.51308,0.36275,	3,	14,117,116
164,127,127,	0.00000,-1.00000,-0.00000,	3,	15,9,16
165,127,127,	-0.77792,-0.51308,0.36275,	3,	15,117,14
166,127,127,	-0.00000,-1.00000,-0.00000,	3,	16,2,17
167,127,127,	-0.85508,-0.51308,0.07481,	3,	16,117,15
168,127,127,	-0.82910,-0.51308,-0.22216,	3,	16,119,118
169,127,127,	-0.82910,-0.51308,-0.22216,	3,	17,119,16
170,127,127,	-0.70311,-0.51308,-0.49233,	3,	18,119,0
171,127,127,	-0.50071,0.48779,-0.71509,	3,	19,32,18
172,127,127,	-0.22594,0.48779,-0.84322,	3,	19,34,33
173,127,127,	-0.22216,-0.51308,-0.82910,	3,	20,19,2
174,127,127,	-0.22594,0.48779,-0.84322,	3,	20,34,19
175,127,127,	0.07608,0.48779,-0.86964,	3,	21,34,20
176,127,127,	0.36893,0.48779,-0.79117,	3,	21,36,35
177,127,127,	0.36275,-0.51308,-0.77792,	3,	22,21,4
178,127,127,	0.36893,0.48779,-0.79117,	3,	22,36,21
179,127,127,	0.61728,0.48779,-0.61728,	3,	23,36,22
180,127,127,	0.79117,0.48779,-0.36893,	3,	23,38,37
181,127,127,	0.77792,-0.51308,-0.36275,	3,	24,23,6
182,127,127,	0.79117,0.48779,-0.36893,	3,	24,38,23
183,127,127,	0.86964,0.48779,-0.07608,	3,	25,38,24
184,127,127,	0.84321,0.48779,0.22594,	3,	25,40,39
185,127,127,	0.82910,-0.51308,0.22216,	3,	26,25,8
186,127,127,	0.84321,0.48779,0.22594,	3,	26,40,25
187,127,127,	0.71509,0.48779,0.50071,	3,	27,40,26
188,127,127,	0.50071,0.48779,0.71509,	3,	27,42,41
189,127,127,	0.49233,-0.51307,0.70311,	3,	28,27,10
190,127,127,	0.50071,0.48779,0.71509,	3,	28,42,27
191,127,127,	0.22594,0.48779,0.84321,	3,	29,42,28
192,127,127,	-0.07608,0.48779,0.86964,	3,	29,44,43
193,127,127,	-0.07481,-0.51308,0.85508,	3,	30,29,12
194,127,127,	-0.07608,0.48779,0.86964,	3,	30,44,29
195,127,127,	-0.36893,0.48779,0.79117,	3,	31,44,30
196,127,127,	-0.61728,0.48779,0.61728,	3,	31,45,120
197,127,127,	-0.71509,0.48779,-0.50071,	3,	32,119,18
198,127,127,	-0.50071,0.48779,-0.71509,	3,	33,32,19
199,127,127,	0.00000,1.00000,0.00000,	3,	33,123,32
200,127,127,	0.00000,1.00000,-0.00000,	3,	34,36,33
201,127,127,	0.07608,0.48779,-0.86964,	3,	35,34,21
202,127,127,	0.00000,1.00000,-0.00000,	3,	35,36,34
203,127,127,	0.00000,1.00000,0.00000,	3,	36,122,33
204,127,127,	0.61728,0.48779,-0.61728,	3,	37,36,23
205,127,127,	0.00000,1.00000,-0.00000,	3,	37,42,122
206,127,127,	0.00000,1.00000,0.00000,	3,	37,122,36
207,127,127,	0.00000,1.00000,-0.00000,	3,	38,39,37
208,127,127,	0.86964,0.48779,-0.07608,	3,	39,38,25
209,127,127,	-0.00000,1.00000,0.00000,	3,	40,37,39
210,127,127,	0.00000,1.00000,0.00000,	3,	40,42,37
211,127,127,	0.71509,0.48779,0.50071,	3,	41,40,27
212,127,127,	0.00000,1.00000,0.00000,	3,	41,42,40
213,127,127,	-0.00000,1.00000,-0.00000,	3,	42,120,122
214,127,127,	0.22594,0.48779,0.84321,	3,	43,42,29
215,127,127,	-0.00000,1.00000,0.00000,	3,	43,120,42
216,127,127,	-0.00000,1.00000,0.00000,	3,	44,120,43
217,127,127,	-0.79117,0.48779,0.36893,	3,	45,117,121
218,127,127,	-0.00000,1.00000,0.00000,	3,	45,121,120
219,127,127,	-0.56540,-0.16827,-0.80747,	3,	46,102,103
220,127,127,	0.00000,-1.00000,0.00000,	3,	46,112,101
221,127,127,	-0.80747,-0.16827,-0.56540,	3,	46,115,114
222,127,127,	0.00000,-1.00000,-0.00000,	3,	47,49,48
223,127,127,	0.08591,-0.16827,-0.98199,	3,	47,58,104
224,127,127,	-0.25513,-0.16827,-0.95215,	3,	47,102,101
225,127,127,	0.08591,-0.16827,-0.98199,	3,	48,58,47
226,127,127,	0.00000,-1.00000,-0.00000,	3,	49,53,50
227,127,127,	0.41659,-0.16827,-0.89338,	3,	49,58,48
228,127,127,	0.69702,-0.16827,-0.69702,	3,	49,60,59
229,127,127,	-0.00000,-1.00000,0.00000,	3,	49,101,53
230,127,127,	0.00000,-1.00000,-0.00000,	3,	50,52,51
231,127,127,	0.69702,-0.16827,-0.69702,	3,	50,60,49
232,127,127,	0.89338,-0.16827,-0.41659,	3,	51,60,50
233,127,127,	0.98199,-0.16827,-0.08591,	3,	51,62,61
234,127,127,	-0.00000,-1.00000,0.00000,	3,	52,50,53
235,127,127,	0.98199,-0.16827,-0.08591,	3,	52,62,51
236,127,127,	0.00000,-1.00000,0.00000,	3,	53,56,54
237,127,127,	0.95215,-0.16827,0.25513,	3,	53,62,52
238,127,127,	0.80747,-0.16827,0.56540,	3,	53,64,63
239,127,127,	0.00000,-1.00000,0.00000,	3,	54,56,55
240,127,127,	0.80747,-0.16827,0.56540,	3,	54,64,53
241,127,127,	0.56540,-0.16827,0.80747,	3,	55,64,54
242,127,127,	0.25513,-0.16827,0.95215,	3,	55,66,65
243,127,127,	-0.00000,-1.00000,-0.00000,	3,	56,53,57
244,127,127,	0.25513,-0.16827,0.95215,	3,	56,66,55
245,127,127,	-0.00000,-1.00000,-0.00000,	3,	57,53,101
246,127,127,	-0.08591,-0.16827,0.98199,	3,	57,66,56
247,127,127,	-0.00000,-1.00000,-0.00000,	3,	57,101,112
248,127,127,	-0.41659,-0.16827,0.89338,	3,	57,107,105
249,127,127,	-0.00000,-1.00000,0.00000,	3,	57,110,106
250,127,127,	0.00000,1.00000,-0.00000,	3,	58,60,104
251,127,127,	0.41659,-0.16827,-0.89338,	3,	59,58,49
252,127,127,	0.00000,1.00000,-0.00000,	3,	59,60,58
253,127,127,	0.89338,-0.16827,-0.41659,	3,	61,60,51
254,127,127,	0.00000,1.00000,-0.00000,	3,	61,62,60
255,127,127,	0.00000,1.00000,-0.00000,	3,	62,64,102
0,127,127,	-0.00000,1.00000,0.00000,	3,	62,102,60
1,127,127,	0.95215,-0.16827,0.25513,	3,	63,62,53
2,127,127,	0.00000,1.00000,0.00000,	3,	63,64,62
3,127,127,	0.00000,1.00000,-0.00000,	3,	64,66,102
4,127,127,	0.56540,-0.16827,0.80747,	3,	65,64,55
5,127,127,	0.00000,1.00000,0.00000,	3,	65,66,64
6,127,127,	0.00000,-1.00000,-0.00000,	3,	67,70,68
7,127,127,	-0.38236,-0.04116,-0.92310,	3,	67,76,75
8,127,127,	-0.92310,-0.04116,-0.38236,	3,	67,82,74
9,127,127,	0.00000,-1.00000,-0.00000,	3,	68,70,69
10,127,127,	-0.38236,-0.04116,-0.92310,	3,	68,76,67
11,127,127,	0.38236,-0.04116,-0.92310,	3,	69,76,68
12,127,127,	0.92310,-0.04116,-0.38236,	3,	69,78,77
13,127,127,	0.00000,-1.00000,0.00000,	3,	70,72,71
14,127,127,	0.92310,-0.04116,-0.38236,	3,	70,78,69
15,127,127,	0.92310,-0.04116,0.38236,	3,	71,78,70
16,127,127,	0.38236,-0.04116,0.92310,	3,	71,80,79
17,127,127,	-0.00000,-1.00000,-0.00000,	3,	72,70,74
18,127,127,	-0.00000,-1.00000,0.00000,	3,	72,74,73
19,127,127,	0.38236,-0.04116,0.92310,	3,	72,80,71
20,127,127,	-0.38236,-0.04116,0.92310,	3,	73,80,72
21,127,127,	-0.92310,-0.04116,0.38236,	3,	73,82,81
22,127,127,	0.00000,-1.00000,-0.00000,	3,	74,70,67
23,127,127,	-0.92310,-0.04116,0.38236,	3,	74,82,73
24,127,127,	0.00000,1.00000,-0.00000,	3,	75,81,82
25,127,127,	-0.92310,-0.04116,-0.38236,	3,	75,82,67
26,127,127,	-0.00000,1.00000,-0.00000,	3,	76,78,81
27,127,127,	0.00000,1.00000,0.00000,	3,	76,81,75
28,127,127,	0.38236,-0.04116,-0.92310,	3,	77,76,69
29,127,127,	0.00000,1.00000,-0.00000,	3,	77,78,76
30,127,127,	0.92310,-0.04116,0.38236,	3,	79,78,71
31,127,127,	0.00000,1.00000,0.00000,	3,	79,81,78
32,127,127,	-0.00000,1.00000,0.00000,	3,	80,81,79
33,127,127,	-0.38236,-0.04116,0.92310,	3,	81,80,73
34,127,127,	-0.25848,-0.05148,-0.96464,	3,	83,89,88
35,127,127,	-0.96465,-0.05148,-0.25848,	3,	84,89,83
36,127,127,	-0.70617,-0.05148,0.70617,	3,	85,89,84
37,127,127,	0.25848,-0.05148,0.96465,	3,	86,89,85
38,127,127,	0.96464,-0.05148,0.25848,	3,	87,89,86
39,127,127,	0.70617,-0.05148,-0.70617,	3,	88,89,87
40,127,127,	0.00004,-1.00000,-0.00001,	3,	90,92,91
41,127,127,	-0.96592,-0.00389,0.25881,	3,	90,93,92
42,127,127,	0.25882,-0.00389,-0.96592,	3,	90,94,93
43,127,127,	0.25881,-0.00389,-0.96592,	3,	91,94,90
44,127,127,	-0.96592,-0.00389,0.25882,	3,	92,93,95
45,127,127,	0.70710,-0.00389,0.70710,	3,	92,94,91
46,127,127,	-0.96591,0.00482,0.25882,	3,	93,96,95
47,127,127,	0.25882,0.00482,-0.96591,	3,	94,96,93
48,127,127,	0.70710,-0.00389,0.70710,	3,	95,94,92
49,127,127,	0.70710,0.00482,0.70710,	3,	95,96,94
50,127,127,	0.00000,-1.00000,-0.00000,	3,	97,99,98
51,127,127,	-0.96590,0.00743,0.25881,	3,	97,100,99
52,127,127,	0.25881,0.00743,-0.96590,	3,	98,100,97
53,127,127,	0.70709,0.00743,0.70709,	3,	99,100,98
54,127,127,	0.00000,-1.00000,-0.00000,	3,	101,49,47
55,127,127,	-0.56540,-0.16827,-0.80747,	3,	101,102,46
56,127,127,	0.00000,1.00000,-0.00000,	3,	102,66,113
57,127,127,	0.00000,1.00000,0.00000,	3,	102,115,103
58,127,127,	-0.80747,-0.16827,-0.56540,	3,	103,115,46
59,127,127,	0.00000,1.00000,-0.00000,	3,	104,60,102
60,127,127,	-0.25513,-0.16827,-0.95215,	3,	104,102,47
61,127,127,	-0.08591,-0.16827,0.98199,	3,	105,66,57
62,127,127,	-0.00000,1.00000,0.00000,	3,	105,107,66
63,127,127,	-0.41659,-0.16827,0.89339,	3,	106,107,57
64,127,127,	-0.69702,-0.16827,0.69702,	3,	106,108,107
65,127,127,	-0.00000,-1.00000,0.00000,	3,	106,110,108
66,127,127,	-0.69702,-0.16827,0.69702,	3,	107,108,109
67,127,127,	-0.89338,-0.16827,0.41659,	3,	108,111,109
68,127,127,	0.00000,1.00000,-0.00000,	3,	109,66,107
69,127,127,	0.00000,-1.00000,-0.00000,	3,	110,57,112
70,127,127,	-0.89339,-0.16827,0.41659,	3,	110,111,108
71,127,127,	-0.98199,-0.16827,0.08591,	3,	110,112,111
72,127,127,	0.00000,1.00000,-0.00000,	3,	111,66,109
73,127,127,	-0.98199,-0.16827,0.08591,	3,	111,112,113
74,127,127,	-0.95215,-0.16827,-0.25513,	3,	112,115,113
75,127,127,	0.00000,1.00000,-0.00000,	3,	113,66,111
76,127,127,	0.00000,-1.00000,0.00000,	3,	114,112,46
77,127,127,	-0.95215,-0.16827,-0.25513,	3,	114,115,112
78,127,127,	-0.00000,1.00000,-0.00000,	3,	115,102,113
79,127,127,	-0.60694,-0.51308,0.60694,	3,	116,31,14
80,127,127,	-0.61728,0.48779,0.61728,	3,	116,45,31
81,127,127,	-0.79117,0.48779,0.36893,	3,	116,117,45
82,127,127,	-0.86964,0.48779,0.07608,	3,	117,122,121
83,127,127,	-0.85508,-0.51308,0.07481,	3,	118,117,16
84,127,127,	-0.86964,0.48779,0.07608,	3,	118,122,117
85,127,127,	-0.84321,0.48779,-0.22594,	3,	119,122,118
86,127,127,	-0.36893,0.48779,0.79117,	3,	120,44,31
87,127,127,	0.00000,1.00000,-0.00000,	3,	122,120,121
88,127,127,	-0.00000,1.00000,-0.00000,	3,	123,33,122
89,127,127,	-0.71509,0.48779,-0.50071,	3,	123,119,32
90,127,127,	-0.84322,0.48779,-0.22594,	3,	123,122,119
91,127,127,	0.70860,0.04162,-0.70438,	3,	124,126,125
92,127,127,	0.72870,0.00946,-0.68477,	3,	125,126,127
93,127,127,	-0.67645,-0.29125,-0.67645,	3,	125,149,147
94,127,127,	0.72798,0.01281,-0.68548,	3,	126,129,127
95,127,127,	-0.67645,-0.29124,-0.67645,	3,	127,149,125
96,127,127,	0.71535,-0.02201,-0.69842,	3,	128,129,126
97,127,127,	0.71216,-0.00526,-0.70200,	3,	128,130,129
98,127,127,	0.70711,0.00000,-0.70711,	3,	129,130,131
99,127,127,	-0.65046,-0.39218,-0.65046,	3,	129,149,127
100,127,127,	-0.56835,-0.59495,-0.56834,	3,	129,153,151
101,127,127,	0.70711,0.00000,-0.70711,	3,	130,133,131
102,127,127,	0.46980,0.74738,0.46980,	3,	130,154,132
103,127,127,	-0.56835,-0.59495,-0.56835,	3,	131,153,129
104,127,127,	0.70711,-0.00000,-0.70711,	3,	132,133,130
105,127,127,	0.70711,0.00000,-0.70711,	3,	132,134,133
106,127,127,	0.39197,0.83229,0.39197,	3,	132,154,134
107,127,127,	0.70711,-0.00000,-0.70711,	3,	133,134,135
108,127,127,	-0.47840,-0.73638,-0.47840,	3,	133,153,131
109,127,127,	-0.39062,-0.83357,-0.39062,	3,	133,157,155
110,127,127,	0.70711,-0.00000,-0.70711,	3,	134,137,135
111,127,127,	0.39197,0.83229,0.39197,	3,	134,154,156
112,127,127,	0.31871,0.89267,0.31871,	3,	134,158,136
113,127,127,	-0.39062,-0.83357,-0.39062,	3,	135,157,133
114,127,127,	0.70711,0.00000,-0.70711,	3,	136,137,134
115,127,127,	0.70711,0.00000,-0.70711,	3,	136,138,137
116,127,127,	0.21131,0.95430,0.21131,	3,	136,158,138
117,127,127,	0.70711,0.00000,-0.70711,	3,	137,138,139
118,127,127,	-0.30629,-0.90132,-0.30629,	3,	137,157,135
119,127,127,	-0.22406,-0.94847,-0.22406,	3,	137,161,159
120,127,127,	0.70711,0.00000,-0.70711,	3,	138,141,139
121,127,127,	0.21131,0.95430,0.21131,	3,	138,158,160
122,127,127,	0.11927,0.98567,0.11927,	3,	138,162,140
123,127,127,	-0.22406,-0.94847,-0.22406,	3,	139,161,137
124,127,127,	0.70711,0.00000,-0.70711,	3,	140,141,138
125,127,127,	0.70711,0.00000,-0.70711,	3,	140,142,141
126,127,127,	0.02256,0.99949,0.02256,	3,	140,162,142
127,127,127,	0.70711,0.00000,-0.70711,	3,	141,142,143
128,127,127,	-0.14291,-0.97936,-0.14291,	3,	141,161,139
129,127,127,	-0.06316,-0.99600,-0.06316,	3,	141,165,163
130,127,127,	0.71083,-0.00630,-0.70334,	3,	142,145,143
131,127,127,	0.02256,0.99949,0.02256,	3,	142,162,164
132,127,127,	0.00069,1.00000,0.00069,	3,	142,166,144
133,127,127,	-0.06316,-0.99600,-0.06316,	3,	143,165,141
134,127,127,	0.70524,0.01850,-0.70873,	3,	144,145,142
135,127,127,	0.02865,-0.99918,0.02865,	3,	145,165,143
136,127,127,	-0.69770,-0.04246,0.71513,	3,	146,149,148
137,127,127,	-0.68267,0.00913,0.73067,	3,	147,149,146
138,127,127,	-0.71097,0.01671,0.70302,	3,	149,150,148
139,127,127,	-0.69920,0.00301,0.71492,	3,	150,153,152
140,127,127,	-0.65046,-0.39218,-0.65046,	3,	151,149,129
141,127,127,	-0.69800,0.00386,0.71608,	3,	151,150,149
142,127,127,	-0.69853,0.00649,0.71555,	3,	151,153,150
143,127,127,	0.46980,0.74738,0.46980,	3,	152,154,130
144,127,127,	-0.69910,0.00249,0.71502,	3,	153,154,152
145,127,127,	-0.70333,-0.00207,0.71086,	3,	154,157,156
146,127,127,	-0.47840,-0.73638,-0.47840,	3,	155,153,133
147,127,127,	-0.70228,0.00459,0.71188,	3,	155,154,153
148,127,127,	-0.70277,0.00667,0.71139,	3,	155,157,154
149,127,127,	0.31871,0.89267,0.31871,	3,	156,158,134
150,127,127,	-0.70414,0.00061,0.71006,	3,	157,158,156
151,127,127,	-0.70694,-0.00130,0.70727,	3,	158,161,160
152,127,127,	-0.30629,-0.90132,-0.30629,	3,	159,157,137
153,127,127,	-0.70654,0.00045,0.70768,	3,	159,158,157
154,127,127,	-0.70712,0.00192,0.70709,	3,	159,161,158
155,127,127,	0.11927,0.98567,0.11927,	3,	160,162,138
156,127,127,	-0.70885,0.00276,0.70535,	3,	161,162,160
157,127,127,	-0.71126,0.02066,0.70262,	3,	162,165,164
158,127,127,	-0.14291,-0.97936,-0.14291,	3,	163,161,141
159,127,127,	-0.70802,0.00355,0.70618,	3,	163,162,161
160,127,127,	-0.70920,0.00575,0.70498,	3,	163,165,162
161,127,127,	0.00069,1.00000,0.00069,	3,	164,166,142
162,127,127,	-0.71345,0.02447,0.70028,	3,	165,166,164
163,127,127,	0.02865,-0.99918,0.02865,	3,	167,165,145
164,127,127,	-0.71548,0.01969,0.69835,	3,	167,166,165

TEXTURES
grs_living.png	1.0 1.0	0.49609 0.38344	0.47358 0.41558	0.52823 0.36093
grs_living.png	1.0 1.0	0.18252 0.58934	0.24268 0.56228	0.17238 0.56323
grs_living.png	1.0 1.0	0.46817 0.64789	0.41797 0.62077	0.41016 0.64696
grs_living.png	1.0 1.0	0.52823 0.36093	0.47358 0.41558	0.56614 0.35077
grs_living.png	1.0 1.0	0.24810 0.58845	0.24268 0.56228	0.18252 0.58934
grs_living.png	1.0 1.0	0.56614 0.35077	0.64079 0.37078	0.60523 0.35419
grs_living.png	1.0 1.0	0.32268 0.58805	0.24268 0.56228	0.24810 0.58845
grs_living.png	1.0 1.0	0.32268 0.58805	0.40259 0.56199	0.32263 0.56185
grs_living.png	1.0 1.0	0.39726 0.58819	0.40259 0.56199	0.32268 0.58805
grs_living.png	1.0 1.0	0.64079 0.37078	0.56614 0.35077	0.66854 0.39853
grs_living.png	1.0 1.0	0.46284 0.58884	0.40259 0.56199	0.39726 0.58819
grs_living.png	1.0 1.0	0.35308 0.27144	0.40318 0.24413	0.34099 0.24536
grs_living.png	1.0 1.0	0.66854 0.39853	0.56614 0.35077	0.68513 0.43409
grs_living.png	1.0 1.0	0.41109 0.27029	0.40318 0.24413	0.35308 0.27144
grs_living.png	1.0 1.0	0.68513 0.43409	0.56614 0.35077	0.65588 0.54323
grs_living.png	1.0 1.0	0.68513 0.43409	0.67839 0.51108	0.68855 0.47318
grs_living.png	1.0 1.0	0.48225 0.26961	0.40318 0.24413	0.41109 0.27029
grs_living.png	1.0 1.0	0.48225 0.26961	0.56065 0.24325	0.47947 0.24340
grs_living.png	1.0 1.0	0.55798 0.26946	0.56065 0.24325	0.48225 0.26961
grs_living.png	1.0 1.0	0.67839 0.51108	0.68513 0.43409	0.65588 0.54323
grs_living.png	1.0 1.0	0.62914 0.26988	0.56065 0.24325	0.55798 0.26946
grs_living.png	1.0 1.0	0.62914 0.26988	0.69914 0.24469	0.63695 0.24370
grs_living.png	1.0 1.0	0.65588 0.54323	0.56614 0.35077	0.46343 0.45349
grs_living.png	1.0 1.0	0.65588 0.54323	0.58583 0.57589	0.62374 0.56574
grs_living.png	1.0 1.0	0.68715 0.27081	0.69914 0.24469	0.62914 0.26988
grs_living.png	1.0 1.0	0.42015 0.21461	0.34443 0.18939	0.35457 0.21550
grs_living.png	1.0 1.0	0.42015 0.21461	0.49468 0.18801	0.41473 0.18844
grs_living.png	1.0 1.0	0.58583 0.57589	0.65588 0.54323	0.51118 0.55589
grs_living.png	1.0 1.0	0.58583 0.57589	0.51118 0.55589	0.54674 0.57247
grs_living.png	1.0 1.0	0.49473 0.21421	0.49468 0.18801	0.42015 0.21461
grs_living.png	1.0 1.0	0.56931 0.21434	0.49468 0.18801	0.49473 0.21421
grs_living.png	1.0 1.0	0.56931 0.21434	0.64495 0.18885	0.57464 0.18815
grs_living.png	1.0 1.0	0.51118 0.55589	0.65588 0.54323	0.46685 0.49258
grs_living.png	1.0 1.0	0.51118 0.55589	0.46685 0.49258	0.48343 0.52814
grs_living.png	1.0 1.0	0.63489 0.21500	0.64495 0.18885	0.56931 0.21434
grs_living.png	1.0 1.0	0.19211 0.64737	0.12201 0.62244	0.13410 0.64852
grs_living.png	1.0 1.0	0.19211 0.64737	0.26049 0.62048	0.18420 0.62121
grs_living.png	1.0 1.0	0.46685 0.49258	0.65588 0.54323	0.46343 0.45349
grs_living.png	1.0 1.0	0.26327 0.64668	0.26049 0.62048	0.19211 0.64737
grs_living.png	1.0 1.0	0.46343 0.45349	0.56614 0.35077	0.47358 0.41558
grs_living.png	1.0 1.0	0.33900 0.64654	0.26049 0.62048	0.26327 0.64668
grs_living.png	1.0 1.0	0.33900 0.64654	0.41797 0.62077	0.34168 0.62032
grs_living.png	1.0 1.0	0.41016 0.64696	0.41797 0.62077	0.33900 0.64654
grs_living.png	1.0 1.0	0.48016 0.62177	0.41797 0.62077	0.46817 0.64789
grs_living.png	1.0 1.0	0.24268 0.56228	0.18177 0.53756	0.17238 0.56323
grs_living.png	1.0 1.0	0.24268 0.56228	0.32259 0.53627	0.24766 0.53667
grs_living.png	1.0 1.0	0.32263 0.56185	0.24268 0.56228	0.32268 0.58805
grs_living.png	1.0 1.0	0.32263 0.56185	0.32259 0.53627	0.24268 0.56228
grs_living.png	1.0 1.0	0.40259 0.56199	0.32259 0.53627	0.32263 0.56185
grs_living.png	1.0 1.0	0.40259 0.56199	0.46341 0.53706	0.39752 0.53640
grs_living.png	1.0 1.0	0.47290 0.56270	0.40259 0.56199	0.46284 0.58884
grs_living.png	1.0 1.0	0.47290 0.56270	0.46341 0.53706	0.40259 0.56199
grs_living.png	1.0 1.0	0.40318 0.24413	0.35220 0.21966	0.34099 0.24536
grs_living.png	1.0 1.0	0.40318 0.24413	0.48197 0.21782	0.41048 0.21851
grs_living.png	1.0 1.0	0.47947 0.24340	0.40318 0.24413	0.48225 0.26961
grs_living.png	1.0 1.0	0.47947 0.24340	0.48197 0.21782	0.40318 0.24413
grs_living.png	1.0 1.0	0.56065 0.24325	0.48197 0.21782	0.47947 0.24340
grs_living.png	1.0 1.0	0.56065 0.24325	0.62955 0.21810	0.55806 0.21768
grs_living.png	1.0 1.0	0.63695 0.24370	0.56065 0.24325	0.62914 0.26988
grs_living.png	1.0 1.0	0.63695 0.24370	0.62955 0.21810	0.56065 0.24325
grs_living.png	1.0 1.0	0.69914 0.24469	0.62955 0.21810	0.63695 0.24370
grs_living.png	1.0 1.0	0.34443 0.18939	0.41971 0.16283	0.35382 0.16372
grs_living.png	1.0 1.0	0.41473 0.18844	0.34443 0.18939	0.42015 0.21461
grs_living.png	1.0 1.0	0.41473 0.18844	0.41971 0.16283	0.34443 0.18939
grs_living.png	1.0 1.0	0.49468 0.18801	0.41971 0.16283	0.41473 0.18844
grs_living.png	1.0 1.0	0.49468 0.18801	0.56957 0.16256	0.49464 0.16242
grs_living.png	1.0 1.0	0.57464 0.18815	0.49468 0.18801	0.56931 0.21434
grs_living.png	1.0 1.0	0.57464 0.18815	0.56957 0.16256	0.49468 0.18801
grs_living.png	1.0 1.0	0.64495 0.18885	0.56957 0.16256	0.57464 0.18815
grs_living.png	1.0 1.0	0.12201 0.62244	0.19150 0.59559	0.13322 0.59674
grs_living.png	1.0 1.0	0.46886 0.59611	0.41797 0.62077	0.48016 0.62177
grs_living.png	1.0 1.0	0.24766 0.53667	0.18177 0.53756	0.24268 0.56228
grs_living.png	1.0 1.0	0.23551 0.07553	0.31450 0.15453	0.28197 0.10807
grs_living.png	1.0 1.0	0.18072 0.06085	0.07282 0.08977	0.23551 0.07553
grs_living.png	1.0 1.0	0.39752 0.53640	0.32259 0.53627	0.40259 0.56199
grs_living.png	1.0 1.0	0.12422 0.06580	0.07282 0.08977	0.18072 0.06085
grs_living.png	1.0 1.0	0.07282 0.08977	0.32918 0.20931	0.23551 0.07553
grs_living.png	1.0 1.0	0.41048 0.21851	0.35220 0.21966	0.40318 0.24413
grs_living.png	1.0 1.0	0.03271 0.12987	0.09747 0.37155	0.32918 0.20931
grs_living.png	1.0 1.0	0.03271 0.12987	0.32918 0.20931	0.07282 0.08977
grs_living.png	1.0 1.0	0.00874 0.18128	0.00380 0.23778	0.03271 0.12987
grs_living.png	1.0 1.0	0.55806 0.21768	0.48197 0.21782	0.56065 0.24325
grs_living.png	1.0 1.0	0.01848 0.29256	0.03271 0.12987	0.00380 0.23778
grs_living.png	1.0 1.0	0.01848 0.29256	0.09747 0.37155	0.03271 0.12987
grs_living.png	1.0 1.0	0.68784 0.21904	0.62955 0.21810	0.69914 0.24469
grs_living.png	1.0 1.0	0.05101 0.33902	0.09747 0.37155	0.01848 0.29256
grs_living.png	1.0 1.0	0.09747 0.37155	0.26016 0.35732	0.32918 0.20931
grs_living.png	1.0 1.0	0.49464 0.16242	0.41971 0.16283	0.49468 0.18801
grs_living.png	1.0 1.0	0.15225 0.38623	0.26016 0.35732	0.09747 0.37155
grs_living.png	1.0 1.0	0.20876 0.38129	0.26016 0.35732	0.15225 0.38623
grs_living.png	1.0 1.0	0.19150 0.59559	0.26049 0.62048	0.26299 0.59490
grs_living.png	1.0 1.0	0.30026 0.31721	0.32423 0.26581	0.26016 0.35732
grs_living.png	1.0 1.0	0.10924 0.82807	0.13057 0.66471	0.08918 0.66971
grs_living.png	1.0 1.0	0.52914 0.83254	0.50155 0.89170	0.55629 0.81353
grs_living.png	1.0 1.0	0.48452 0.98995	0.46603 0.82644	0.45503 0.98575
grs_living.png	1.0 1.0	0.58830 0.80495	0.65135 0.82185	0.62132 0.80784
grs_living.png	1.0 1.0	0.18024 0.82225	0.22487 0.66321	0.17770 0.66245
grs_living.png	1.0 1.0	0.18024 0.82225	0.13057 0.66471	0.14244 0.82406
grs_living.png	1.0 1.0	0.21807 0.82286	0.22487 0.66321	0.18024 0.82225
grs_living.png	1.0 1.0	0.65135 0.82185	0.68310 0.94034	0.67479 0.84528
grs_living.png	1.0 1.0	0.25138 0.82582	0.22487 0.66321	0.21807 0.82286
grs_living.png	1.0 1.0	0.10034 0.99616	0.11338 0.83213	0.07680 0.83858
grs_living.png	1.0 1.0	0.65135 0.82185	0.55629 0.81353	0.68310 0.94034
grs_living.png	1.0 1.0	0.67479 0.84528	0.69168 0.90833	0.68879 0.87532
grs_living.png	1.0 1.0	0.12967 0.99098	0.11338 0.83213	0.10034 0.99616
grs_living.png	1.0 1.0	0.16571 0.98789	0.11338 0.83213	0.12967 0.99098
grs_living.png	1.0 1.0	0.16571 0.98789	0.20620 0.82747	0.15832 0.82827
grs_living.png	1.0 1.0	0.69168 0.90833	0.67479 0.84528	0.68310 0.94034
grs_living.png	1.0 1.0	0.20411 0.98725	0.20620 0.82747	0.16571 0.98789
grs_living.png	1.0 1.0	0.68310 0.94034	0.60494 0.99508	0.66410 0.96749
grs_living.png	1.0 1.0	0.24024 0.98914	0.20620 0.82747	0.20411 0.98725
grs_living.png	1.0 1.0	0.24024 0.98914	0.28801 0.83507	0.25124 0.82983
grs_living.png	1.0 1.0	0.66410 0.96749	0.60494 0.99508	0.63695 0.98650
grs_living.png	1.0 1.0	0.26973 0.99334	0.28801 0.83507	0.24024 0.98914
grs_living.png	1.0 1.0	0.33426 0.81552	0.28100 0.66117	0.30106 0.81953
grs_living.png	1.0 1.0	0.33426 0.81552	0.36952 0.65391	0.32239 0.65617
grs_living.png	1.0 1.0	0.60494 0.99508	0.68310 0.94034	0.57192 0.99219
grs_living.png	1.0 1.0	0.37206 0.81371	0.36952 0.65391	0.33426 0.81552
grs_living.png	1.0 1.0	0.57192 0.99219	0.68310 0.94034	0.55629 0.81353
grs_living.png	1.0 1.0	0.40989 0.81432	0.36952 0.65391	0.37206 0.81371
grs_living.png	1.0 1.0	0.57192 0.99219	0.55629 0.81353	0.50155 0.89170
grs_living.png	1.0 1.0	0.40989 0.81432	0.45823 0.65835	0.41670 0.65467
grs_living.png	1.0 1.0	0.57192 0.99219	0.50444 0.92471	0.54188 0.97818
grs_living.png	1.0 1.0	0.55138 0.58413	0.48896 0.62784	0.58992 0.58076
grs_living.png	1.0 1.0	0.26641 0.66690	0.22487 0.66321	0.25138 0.82582
grs_living.png	1.0 1.0	0.51631 0.60048	0.48896 0.62784	0.55138 0.58413
grs_living.png	1.0 1.0	0.15832 0.82827	0.11338 0.83213	0.16571 0.98789
grs_living.png	1.0 1.0	0.47261 0.66290	0.46924 0.70144	0.48896 0.62784
grs_living.png	1.0 1.0	0.46924 0.70144	0.50144 0.77050	0.62729 0.59078
grs_living.png	1.0 1.0	0.46924 0.70144	0.62729 0.59078	0.48896 0.62784
grs_living.png	1.0 1.0	0.25124 0.82983	0.20620 0.82747	0.24024 0.98914
grs_living.png	1.0 1.0	0.47925 0.73881	0.50144 0.77050	0.46924 0.70144
grs_living.png	1.0 1.0	0.50144 0.77050	0.57050 0.80271	0.62729 0.59078
grs_living.png	1.0 1.0	0.32239 0.65617	0.28100 0.66117	0.33426 0.81552
grs_living.png	1.0 1.0	0.53313 0.79270	0.57050 0.80271	0.50144 0.77050
grs_living.png	1.0 1.0	0.09797 0.39189	0.12473 0.40297	0.10905 0.38730
grs_living.png	1.0 1.0	0.87815 0.99170	0.89466 0.45385	0.86121 0.45447
grs_living.png	1.0 1.0	0.77399 0.99025	0.75748 0.45241	0.75748 0.98995
grs_living.png	1.0 1.0	0.10905 0.38730	0.12473 0.40297	0.12013 0.39189
grs_living.png	1.0 1.0	0.89466 0.99139	0.89466 0.45385	0.87815 0.99170
grs_living.png	1.0 1.0	0.91117 0.99170	0.89466 0.45385	0.89466 0.99139
grs_living.png	1.0 1.0	0.80984 0.99126	0.82635 0.45342	0.79291 0.45404
grs_living.png	1.0 1.0	0.12473 0.40297	0.10905 0.41865	0.12013 0.41406
grs_living.png	1.0 1.0	0.82635 0.99096	0.82635 0.45342	0.80984 0.99126
grs_living.png	1.0 1.0	0.84286 0.99126	0.82635 0.45342	0.82635 0.99096
grs_living.png	1.0 1.0	0.94674 0.99170	0.96325 0.45385	0.92980 0.45447
grs_living.png	1.0 1.0	0.10905 0.41865	0.12473 0.40297	0.09338 0.40297
grs_living.png	1.0 1.0	0.10905 0.41865	0.09338 0.40297	0.09797 0.41406
grs_living.png	1.0 1.0	0.96325 0.99139	0.96325 0.45385	0.94674 0.99170
grs_living.png	1.0 1.0	0.97976 0.99170	0.96325 0.45385	0.96325 0.99139
grs_living.png	1.0 1.0	0.74096 0.99025	0.75748 0.45241	0.72403 0.45302
grs_living.png	1.0 1.0	0.09338 0.40297	0.12473 0.40297	0.09797 0.39189
grs_living.png	1.0 1.0	0.75748 0.98995	0.75748 0.45241	0.74096 0.99025
grs_living.png	1.0 1.0	0.07894 0.02737	0.07894 0.07227	0.08824 0.04982
grs_living.png	1.0 1.0	0.79092 0.45302	0.75748 0.45241	0.77399 0.99025
grs_living.png	1.0 1.0	0.05649 0.01807	0.02474 0.04982	0.07894 0.07227
grs_living.png	1.0 1.0	0.05649 0.01807	0.07894 0.07227	0.07894 0.02737
grs_living.png	1.0 1.0	0.92810 0.45447	0.89466 0.45385	0.91117 0.99170
grs_living.png	1.0 1.0	0.03404 0.02737	0.02474 0.04982	0.05649 0.01807
grs_living.png	1.0 1.0	0.85980 0.45404	0.82635 0.45342	0.84286 0.99126
grs_living.png	1.0 1.0	0.03404 0.07227	0.07894 0.07227	0.02474 0.04982
grs_living.png	1.0 1.0	0.05649 0.08157	0.07894 0.07227	0.03404 0.07227
grs_living.png	1.0 1.0	0.99669 0.45447	0.96325 0.45385	0.97976 0.99170
grs_living.png	1.0 1.0	0.00255 0.72127	0.01059 0.94698	0.01419 0.72106
grs_living.png	1.0 1.0	0.03742 0.72106	0.04102 0.94698	0.04906 0.72127
grs_living.png	1.0 1.0	0.02581 0.72164	0.04102 0.94698	0.03742 0.72106
grs_living.png	1.0 1.0	0.06248 0.72124	0.07231 0.94698	0.07591 0.72106
grs_living.png	1.0 1.0	0.04906 0.72106	0.05265 0.94698	0.06248 0.72124
grs_living.png	1.0 1.0	0.01419 0.72106	0.01059 0.94698	0.02581 0.72164
grs_living.png	1.0 1.0	0.00972 0.29960	0.01003 0.30076	0.01088 0.29991
grs_living.png	1.0 1.0	0.00789 0.16108	0.00839 0.08788	0.00757 0.16108
grs_living.png	1.0 1.0	0.00758 0.16108	0.00839 0.08788	0.00708 0.08788
grs_living.png	1.0 1.0	0.00790 0.16108	0.00839 0.08788	0.00758 0.16108
grs_living.png	1.0 1.0	0.00757 0.16108	0.00839 0.08788	0.00708 0.08788
grs_living.png	1.0 1.0	0.00722 0.07771	0.00669 0.00450	0.00690 0.07770
grs_living.png	1.0 1.0	0.00839 0.08788	0.00773 0.00953	0.00708 0.08788
grs_living.png	1.0 1.0	0.00839 0.08788	0.00773 0.00953	0.00708 0.08788
grs_living.png	1.0 1.0	0.00800 0.00451	0.00669 0.00450	0.00722 0.07771
grs_living.png	1.0 1.0	0.00873 0.11594	0.00846 0.03759	0.00742 0.11593
grs_living.png	1.0 1.0	0.32752 0.26985	0.32880 0.27463	0.33230 0.27113
grs_living.png	1.0 1.0	0.00849 0.09032	0.00793 0.03879	0.00716 0.09032
grs_living.png	1.0 1.0	0.00830 0.09032	0.00754 0.03879	0.00698 0.09032
grs_living.png	1.0 1.0	0.00875 0.09032	0.00846 0.03878	0.00742 0.09031
grs_living.png	1.0 1.0	0.55629 0.81353	0.65135 0.82185	0.58830 0.80495
grs_living.png	1.0 1.0	0.14244 0.82406	0.13057 0.66471	0.10924 0.82807
grs_living.png	1.0 1.0	0.62729 0.59078	0.57050 0.80271	0.69118 0.68203
grs_living.png	1.0 1.0	0.62729 0.59078	0.68117 0.64466	0.65898 0.61297
grs_living.png	1.0 1.0	0.50280 0.83167	0.46603 0.82644	0.48452 0.98995
grs_living.png	1.0 1.0	0.58992 0.58076	0.48896 0.62784	0.62729 0.59078
grs_living.png	1.0 1.0	0.17770 0.66245	0.13057 0.66471	0.18024 0.82225
grs_living.png	1.0 1.0	0.41670 0.65467	0.36952 0.65391	0.40989 0.81432
grs_living.png	1.0 1.0	0.60904 0.79934	0.64410 0.78299	0.57050 0.80271
grs_living.png	1.0 1.0	0.44320 0.81728	0.45823 0.65835	0.40989 0.81432
grs_living.png	1.0 1.0	0.31512 0.99276	0.34446 0.98758	0.29159 0.83518
grs_living.png	1.0 1.0	0.54188 0.97818	0.50444 0.92471	0.51845 0.95475
grs_living.png	1.0 1.0	0.29159 0.83518	0.34446 0.98758	0.32817 0.82873
grs_living.png	1.0 1.0	0.34446 0.98758	0.37311 0.82487	0.32817 0.82873
grs_living.png	1.0 1.0	0.67146 0.75563	0.57050 0.80271	0.64410 0.78299
grs_living.png	1.0 1.0	0.50444 0.92471	0.57192 0.99219	0.50155 0.89170
grs_living.png	1.0 1.0	0.38050 0.98449	0.37311 0.82487	0.34446 0.98758
grs_living.png	1.0 1.0	0.38050 0.98449	0.41890 0.98385	0.37311 0.82487
grs_living.png	1.0 1.0	0.68781 0.72057	0.57050 0.80271	0.67146 0.75563
grs_living.png	1.0 1.0	0.37311 0.82487	0.41890 0.98385	0.42099 0.82407
grs_living.png	1.0 1.0	0.41890 0.98385	0.46603 0.82644	0.42099 0.82407
grs_living.png	1.0 1.0	0.69118 0.68203	0.57050 0.80271	0.68781 0.72057
grs_living.png	1.0 1.0	0.51013 0.85969	0.50155 0.89170	0.52914 0.83254
grs_living.png	1.0 1.0	0.45503 0.98575	0.46603 0.82644	0.41890 0.98385
grs_living.png	1.0 1.0	0.68117 0.64466	0.62729 0.59078	0.69118 0.68203
grs_living.png	1.0 1.0	0.18420 0.62121	0.12201 0.62244	0.19211 0.64737
grs_living.png	1.0 1.0	0.18420 0.62121	0.19150 0.59559	0.12201 0.62244
grs_living.png	1.0 1.0	0.18420 0.62121	0.26049 0.62048	0.19150 0.59559
grs_living.png	1.0 1.0	0.26049 0.62048	0.33908 0.59476	0.26299 0.59490
grs_living.png	1.0 1.0	0.34168 0.62032	0.26049 0.62048	0.33900 0.64654
grs_living.png	1.0 1.0	0.34168 0.62032	0.33908 0.59476	0.26049 0.62048
grs_living.png	1.0 1.0	0.41797 0.62077	0.33908 0.59476	0.34168 0.62032
grs_living.png	1.0 1.0	0.63546 0.16322	0.56957 0.16256	0.64495 0.18885
grs_living.png	1.0 1.0	0.32918 0.20931	0.26016 0.35732	0.32423 0.26581
grs_living.png	1.0 1.0	0.31450 0.15453	0.23551 0.07553	0.32918 0.20931
grs_living.png	1.0 1.0	0.41058 0.59518	0.41797 0.62077	0.46886 0.59611
grs_living.png	1.0 1.0	0.41058 0.59518	0.33908 0.59476	0.41797 0.62077
grs_living.png	1.0 1.0	0.99469 0.44722	0.98936 0.39882	0.93416 0.44694
grs_living.png	1.0 1.0	0.93416 0.44694	0.98936 0.39882	0.92542 0.41820
grs_living.png	1.0 1.0	0.04827 0.42256	0.00996 0.40243	0.01840 0.43126
grs_living.png	1.0 1.0	0.98936 0.39882	0.89664 0.35065	0.92542 0.41820
grs_living.png	1.0 1.0	0.03987 0.39372	0.00996 0.40243	0.04827 0.42256
grs_living.png	1.0 1.0	0.99152 0.32356	0.89664 0.35065	0.98936 0.39882
grs_living.png	1.0 1.0	0.99152 0.32356	0.96860 0.25251	0.89664 0.35065
grs_living.png	1.0 1.0	0.89664 0.35065	0.96860 0.25251	0.84853 0.28561
grs_living.png	1.0 1.0	0.06908 0.37104	0.06689 0.45077	0.09588 0.43940
grs_living.png	1.0 1.0	0.72151 0.98061	0.69672 0.92695	0.69705 0.98070
grs_living.png	1.0 1.0	0.96642 0.25322	0.78007 0.22546	0.84635 0.28636
grs_living.png	1.0 1.0	0.69591 0.99055	0.71967 0.92021	0.69569 0.92028
grs_living.png	1.0 1.0	0.72130 0.92685	0.69672 0.92695	0.72151 0.98061
grs_living.png	1.0 1.0	0.89276 0.18774	0.78007 0.22546	0.96642 0.25322
grs_living.png	1.0 1.0	0.89276 0.18774	0.80074 0.12645	0.78007 0.22546
grs_living.png	1.0 1.0	0.69569 0.92028	0.71967 0.92021	0.69543 0.83726
grs_living.png	1.0 1.0	0.78007 0.22546	0.80074 0.12645	0.69727 0.17059
grs_living.png	1.0 1.0	0.72105 0.86108	0.69672 0.92695	0.72130 0.92685
grs_living.png	1.0 1.0	0.72105 0.86108	0.69593 0.78510	0.69633 0.86117
grs_living.png	1.0 1.0	0.80074 0.12645	0.59999 0.12384	0.69727 0.17059
grs_living.png	1.0 1.0	0.69543 0.83726	0.71967 0.92021	0.71990 0.83718
grs_living.png	1.0 1.0	0.69543 0.83726	0.71993 0.74369	0.69513 0.74377
grs_living.png	1.0 1.0	0.72076 0.78501	0.69593 0.78510	0.72105 0.86108
grs_living.png	1.0 1.0	0.69263 0.07187	0.59999 0.12384	0.80074 0.12645
grs_living.png	1.0 1.0	0.69263 0.07187	0.57109 0.03381	0.59999 0.12384
grs_living.png	1.0 1.0	0.69513 0.74377	0.71993 0.74369	0.69482 0.64407
grs_living.png	1.0 1.0	0.59999 0.12384	0.57109 0.03381	0.49062 0.08730
grs_living.png	1.0 1.0	0.72043 0.70074	0.69593 0.78510	0.72076 0.78501
grs_living.png	1.0 1.0	0.72043 0.70074	0.69526 0.61070	0.69556 0.70083
grs_living.png	1.0 1.0	0.57109 0.03381	0.37187 0.06279	0.49062 0.08730
grs_living.png	1.0 1.0	0.69482 0.64407	0.71993 0.74369	0.71968 0.64399
grs_living.png	1.0 1.0	0.69482 0.64407	0.71905 0.54009	0.69450 0.54017
grs_living.png	1.0 1.0	0.72008 0.61061	0.69526 0.61070	0.72043 0.70074
grs_living.png	1.0 1.0	0.43912 0.01122	0.37187 0.06279	0.57109 0.03381
grs_living.png	1.0 1.0	0.43912 0.01122	0.29995 0.00678	0.37187 0.06279
grs_living.png	1.0 1.0	0.69450 0.54017	0.71905 0.54009	0.69417 0.43510
grs_living.png	1.0 1.0	0.37187 0.06279	0.29995 0.00678	0.24665 0.05156
grs_living.png	1.0 1.0	0.71972 0.51710	0.69526 0.61070	0.72008 0.61061
grs_living.png	1.0 1.0	0.71972 0.51710	0.69507 0.42281	0.69509 0.51720
grs_living.png	1.0 1.0	0.30094 0.00647	0.14410 0.05413	0.24725 0.05081
grs_living.png	1.0 1.0	0.69417 0.43510	0.71905 0.54009	0.71798 0.43503
grs_living.png	1.0 1.0	0.69417 0.43510	0.71673 0.33783	0.69412 0.33790
grs_living.png	1.0 1.0	0.71935 0.42271	0.69507 0.42281	0.71972 0.51710
grs_living.png	1.0 1.0	0.17096 0.00525	0.14410 0.05413	0.30094 0.00647
grs_living.png	1.0 1.0	0.71948 0.34884	0.69507 0.42281	0.71935 0.42271
grs_living.png	1.0 1.0	0.00722 0.71935	0.07647 0.69023	0.01252 0.67095
grs_living.png	1.0 1.0	0.06777 0.71899	0.07647 0.69023	0.00722 0.71935
grs_living.png	1.0 1.0	0.07647 0.69023	0.01023 0.59568	0.01252 0.67095
grs_living.png	1.0 1.0	0.01023 0.59568	0.15317 0.55754	0.03304 0.52460
grs_living.png	1.0 1.0	0.03998 0.38245	0.06689 0.45077	0.06908 0.37104
grs_living.png	1.0 1.0	0.10515 0.62264	0.01023 0.59568	0.07647 0.69023
grs_living.png	1.0 1.0	0.10515 0.62264	0.15317 0.55754	0.01023 0.59568
grs_living.png	1.0 1.0	0.71937 0.99048	0.71967 0.92021	0.69591 0.99055
grs_living.png	1.0 1.0	0.15317 0.55754	0.10660 0.45899	0.03304 0.52460
grs_living.png	1.0 1.0	0.10660 0.45899	0.30206 0.44152	0.19851 0.39755
grs_living.png	1.0 1.0	0.69633 0.86117	0.69672 0.92695	0.72105 0.86108
grs_living.png	1.0 1.0	0.21935 0.49653	0.10660 0.45899	0.15317 0.55754
grs_living.png	1.0 1.0	0.21935 0.49653	0.30206 0.44152	0.10660 0.45899
grs_living.png	1.0 1.0	0.71990 0.83718	0.71993 0.74369	0.69543 0.83726
grs_living.png	1.0 1.0	0.30206 0.44152	0.30653 0.34279	0.19851 0.39755
grs_living.png	1.0 1.0	0.30653 0.34279	0.50856 0.35788	0.42800 0.30452
grs_living.png	1.0 1.0	0.69556 0.70083	0.69593 0.78510	0.72043 0.70074
grs_living.png	1.0 1.0	0.39926 0.39460	0.30653 0.34279	0.30206 0.44152
grs_living.png	1.0 1.0	0.39926 0.39460	0.50856 0.35788	0.30653 0.34279
grs_living.png	1.0 1.0	0.71968 0.64399	0.71905 0.54009	0.69482 0.64407
grs_living.png	1.0 1.0	0.50780 0.35760	0.56016 0.28211	0.42794 0.30320
grs_living.png	1.0 1.0	0.56016 0.28211	0.75217 0.32462	0.69937 0.27923
grs_living.png	1.0 1.0	0.69509 0.51720	0.69526 0.61070	0.71972 0.51710
grs_living.png	1.0 1.0	0.62683 0.33444	0.56016 0.28211	0.50780 0.35760
grs_living.png	1.0 1.0	0.62683 0.33444	0.75217 0.32462	0.56016 0.28211
grs_living.png	1.0 1.0	0.71798 0.43503	0.71673 0.33783	0.69417 0.43510
grs_living.png	1.0 1.0	0.75217 0.32462	0.82935 0.28056	0.69937 0.27923
grs_living.png	1.0 1.0	0.69570 0.34894	0.69507 0.42281	0.71948 0.34884
grs_living.png	1.0 1.0	0.85525 0.32995	0.82935 0.28056	0.75217 0.32462

END
