// model size: 1972.870 x 1630.435 x 1972.516
// materials used: ['grs_main.png']

NVERTS 501
NFACES 850

VERTEX
210.4759 -179.6414 -508.1337
-172.2075 -179.6414 -415.7458
172.2076 -179.6414 -415.7458
-210.4758 -179.6414 -508.1337
-508.1337 -179.6414 -210.4759
-415.7458 -179.6414 -172.2076
-415.7458 -179.6414 172.2075
-508.1337 -179.6414 210.4758
-210.4759 -179.6414 508.1337
-172.2075 -179.6414 415.7458
172.2075 -179.6414 415.7458
210.4759 -179.6414 508.1337
508.1337 -179.6414 210.4758
415.7458 -179.6414 172.2075
415.7458 -179.6414 -172.2075
508.1337 -179.6414 -210.4759
125 -127.6414 -508.1337
152.5599 110.4919 -508.134
125 110.5766 -508.1337
-125 -127.6414 -508.1337
-209.9093 170.3586 -507.6819
-507.9335 170.3586 -209.7732
414.2984 -60 -304.3112
329.4456 -60 -389.1641
344.6938 60 -390.3062
329.4456 60 -389.1641
344.6938 -60 -390.3062
209.5751 170.3586 -507.5731
344.7227 170.359 -373.9024
344.7227 147.1236 -373.9024
387.7985 170.359 -392.9655
387.7985 147.1236 -392.9655
375.2507 92.64285 -343.3745
130.0548 170.359 -508.134
125.0701 270.2652 -216.5414
160.6288 270.353 -181.0175
139.5125 370 -241.6427
172.6193 364.0746 -206.1865
-508.1337 -127.6414 -125
-508.1337 -127.6414 125
-507.04 170.3586 209.2119
-437.7216 11.67464 280.8704
-424.217 70.45316 294.3749
-388.8617 106.7803 329.7303
-345.1601 106.7803 373.4319
-209.5452 170.3586 507.2914
-507.3456 170.4253 -127.9544
-508.134 110.4919 -152.5051
-508.1341 110.4938 -125
-345.1601 -83.43102 373.4319
-309.8048 -47.1039 408.7872
-388.8617 -83.43101 329.7303
-424.217 -47.10388 294.3749
-643.4449 126.1231 -779.2112
-562.0255 171.0757 -784.9739
-643.4451 171.0757 -807.8491
-575.4489 126.1231 -760.9917
-525.6724 126.1231 -711.2151
-500.8713 171.0757 -725.5342
-489.7091 220.3586 -732.9016
-553.8889 270.387 -798.3348
-488.3294 270.387 -732.7752
-562.0255 339.3229 -784.9739
-500.8713 339.3229 -725.5342
-525.6724 384.2755 -711.2151
-575.449 384.2755 -760.9917
-643.4449 384.2755 -779.2111
-643.445 339.3229 -807.8491
-643.445 270.387 -822.3312
-725.7599 171.0757 -785.7928
-711.441 126.1231 -760.9917
-508.134 110.4938 125.0001
-508.134 110.4919 152.6659
-508.6295 170.4253 127.6283
-637.5103 170.3586 126.8087
-540.4551 170.3586 361.1206
-361.1205 170.3586 540.4551
-126.8086 170.3586 637.5103
210.0294 170.3586 506.8701
126.8087 170.3586 637.5103
361.1206 170.3586 540.4551
540.4552 170.3586 361.1205
507.2067 170.3586 209.4812
637.5103 170.3586 126.8086
508.134 170.3589 32.41396
556.0427 170.359 13.21186
625.7318 170.359 -155.0323
637.5103 170.3586 -126.8088
155.8148 369.6072 -155.0323
50 370 -86.60254
86.60254 370 -50
177.818 370 -102.6633
100 370 0
222.162 370 4.39241
86.60254 370 50
241.6428 370 139.5125
268.7268 364.0746 32.01459
-417.3865 770.739 -468.2593
-468.2593 770.739 -417.3865
-393.6595 270.739 -436.9552
-436.9552 270.739 -393.6595
-436.9552 270.739 -332.4301
-468.2593 770.739 -345.4415
-378.5586 770.739 -255.7408
-360.6147 270.739 -256.0896
-190.628 148.8415 508.1338
-190.628 -134.801 508.1337
190.628 148.8415 508.1337
190.628 -134.801 508.1337
-309.8047 70.45316 408.7872
-296.3002 11.67462 422.2917
-316.8758 70.45316 415.8583
-303.3713 11.67462 429.3628
-316.8758 -47.1039 415.8583
219.5544 362.0995 -323.2765
219.5543 270.353 -323.2765
193.0384 416.5801 -155.0323
250.0823 416.5802 -292.7485
-761.2175 126.1231 -711.2151
-808.075 171.0757 -643.2192
-779.4371 126.1231 -643.2192
-761.2176 126.1231 -575.2232
-786.0187 171.0757 -560.9042
-798.5605 270.387 -553.6631
-822.5571 270.387 -643.2192
-808.075 339.3229 -643.2192
-798.5607 270.387 -732.7752
-786.0187 171.0757 -725.5341
256.4231 17.30988 462.1864
312.9917 17.30988 405.6179
401.6358 -84.5448 316.9737
401.6358 10.4552 316.9737
312.9917 112.3099 405.6179
316.7027 17.30988 416.049
316.7027 112.3099 416.049
458.2044 -84.5448 260.4052
266.8542 112.3099 465.8975
266.8542 17.30988 465.8974
256.4231 112.3099 462.1865
458.2044 10.4552 260.4052
461.9154 -84.5448 270.8363
461.9154 10.4552 270.8363
-549.321 126.1231 -499.5445
-617.3171 126.1231 -481.3251
-535.0021 171.0757 -474.7433
-617.317 171.0757 -452.6871
-725.7599 171.0757 -500.6454
-711.441 126.1231 -525.4467
-732.9016 220.3586 -489.7093
-725.7599 339.3229 -500.6454
-617.317 270.387 -438.205
-617.317 339.3229 -452.6871
-617.317 384.2755 -481.325
-535.0021 339.3229 -474.7433
-549.321 384.2755 -499.5445
-499.5444 384.2755 -549.321
-474.7432 339.3229 -535.002
-462.2015 270.387 -527.761
-527.7609 270.387 -462.2014
-711.441 384.2755 -525.4466
508.134 147.1235 32.41397
508.134 92.64285 -10.75902
508.134 92.64285 -210.476
414.2984 60 -304.3112
-149.972 118.5947 625.4167
-149.972 -104.5542 625.4167
149.972 118.5947 625.4167
-125.8079 97.60739 625.4167
125.8079 97.60739 625.4167
125.8079 -83.56691 625.4167
149.972 -104.5542 625.4167
-125.8079 -83.56693 625.4167
-137.0341 105.6907 508.1338
-137.0341 -91.65023 508.1338
137.034 105.6907 508.1337
137.0341 -91.6502 508.1337
-431.2881 70.45316 301.446
-444.7926 11.67464 287.9415
-431.2881 -47.10388 301.446
525.5148 416.5801 -17.31609
556.0427 362.0994 13.21186
387.7986 416.5801 39.72791
387.7986 362.0994 82.90089
387.7986 270.3529 82.90087
556.0427 270.353 13.21183
-499.5444 126.1231 -549.3211
-474.7433 171.0757 -535.0021
-452.687 171.0757 -617.3171
-481.325 126.1231 -617.3171
-352.2311 106.7803 380.503
-395.9328 106.7803 336.8014
-395.9328 -83.43101 336.8013
-352.2312 -83.43102 380.503
-125.026 270.179 -216.5513
-139.5125 370 -241.6427
-216.2044 270.3487 -124.7921
-241.6427 370 -139.5125
-279.025 370 0
-250.0519 270.1789 0
-217.0992 270.3337 123.1487
-241.6427 370 139.5125
-139.5125 370 241.6428
-125.0258 270.178 216.5511
243.8642 270.353 23.28131
216.6002 270.2654 124.9375
139.5125 370 241.6427
125.0258 270.1779 216.5511
625.7318 270.353 -155.0324
625.7318 362.0995 -155.0323
556.0427 362.0995 -323.2765
556.0427 270.353 -323.2765
-733.0011 270.387 -798.3348
-725.76 339.3229 -785.7928
-711.441 384.2755 -760.9917
-761.2176 384.2755 -711.2151
-786.0187 339.3229 -725.5341
105.4702 170.3586 -686.5496
136.5632 170.3586 -686.5496
105.7988 170.3586 -784.6281
444.4561 170.3586 -665.1755
388.8991 170.3586 -582.0286
582.0286 170.3586 -388.8991
665.1755 170.3586 -444.4562
686.5495 170.3586 -136.5632
784.6281 170.3586 -156.0723
864.5164 220.3586 -171.9631
784.6281 170.3586 156.0721
864.5165 220.3586 171.9629
732.9017 220.3586 489.7091
665.1755 170.3586 444.456
444.4561 170.3586 665.1755
489.7092 220.3586 732.9016
171.9631 220.3586 864.5164
156.0723 170.3586 784.6281
136.5632 170.3586 686.5495
-156.0722 170.3586 784.628
-136.5632 170.3586 686.5495
-388.899 170.3586 582.0286
-444.4561 170.3586 665.1755
-489.7092 220.3586 732.9016
-171.963 220.3586 864.5164
388.8991 170.3586 582.0286
582.0286 170.3586 388.899
686.5496 170.3586 136.5631
732.9016 220.3586 -489.7093
489.7093 220.3586 -732.9016
171.963 220.3586 -864.5164
-104.9971 170.3586 -784.6281
-171.963 220.3586 -864.5164
-444.456 170.3586 -665.1755
-524.0003 -115.6108 -112.9695
-523.9997 -115.6108 112.9695
-523.9999 99.60001 112.9695
-524 99.60001 -112.9694
112.9695 -115.6108 -524.0001
-112.9695 -115.6108 -524
-112.9695 99.60001 -524
-125 110.5766 -508.1337
112.9695 99.60001 -524.0001
-130.1059 170.359 -508.134
-152.611 110.4919 -508.134
-260.1592 270.739 -364.0029
-227.8311 270.739 -280.3669
-255.6704 270.739 -307.8925
126.8087 270.3586 -637.5103
-332.4301 270.739 -436.9551
-126.8087 270.3586 -637.5103
-361.1205 270.3586 -540.4551
-540.4551 270.3586 -361.1206
-540.4552 270.3586 361.1205
-306.7583 270.739 -255.9994
-279.4499 270.739 -228.7482
0.00001 270.1781 -250.0517
387.7985 270.353 -392.9655
361.1206 270.3586 -540.4551
540.4551 270.3586 -361.1205
-255.6041 570.739 -307.5561
-255.7408 770.739 -378.5585
-255.7408 770.739 -306.6135
-306.6136 770.739 -255.7408
-306.7581 570.739 -255.9993
-369.5518 -179.6414 153.0733
-258.0256 -179.6414 86.04453
-369.5518 -179.6414 -153.0734
-231.3566 -179.641 191.3327
-158.702 -179.6414 218.4346
-196.0012 -179.641 226.688
-153.0734 -179.6414 369.5518
-231.3565 -179.6411 262.0433
-266.7119 -179.6411 226.688
-256.5107 -179.6414 -83.41964
-158.702 -179.6414 -218.4346
-153.0733 -179.6414 -369.5518
153.0734 -179.6414 -369.5518
0.00001 -179.6414 -270
158.8808 -179.6414 -217.4283
255.3382 -179.6414 -80.04639
369.5518 -179.6414 -153.0734
369.5518 -179.6414 153.0733
256.5513 -179.6414 84.8314
0.00001 370 -279.025
-345.4414 770.739 -468.2592
64.62746 1062.715 -37.31268
19.65527 1076.642 -21.27263
50.97007 1062.715 -50.97007
27.96055 1076.834 -7.84403
69.6264 1062.715 -18.65634
74.62536 1062.715 0
27.8128 1076.739 6.23374
69.6264 1062.715 18.65634
64.62746 1062.715 37.31268
20.32136 1076.993 20.1362
50.97006 1062.715 50.97006
37.31267 1062.715 64.62746
6.53012 1076.802 27.4566
18.65633 1062.715 69.6264
-0.00001 1062.715 74.62536
-7.48762 1077.002 27.57418
-18.65635 1062.715 69.6264
-37.31269 1062.715 64.62745
-20.89501 1076.755 19.27825
-50.97007 1062.715 50.97005
-64.62746 1062.715 37.31266
-28.05638 1076.853 7.16565
-69.6264 1062.715 18.65633
-74.62535 1062.715 0
-27.58032 1076.657 -8.60913
-69.6264 1062.715 -18.65634
-64.62745 1062.715 -37.31268
-20.67441 1076.807 -20.85958
-50.97006 1062.715 -50.97006
-37.31268 1062.715 -64.62745
-8.31286 1076.607 -27.93534
-18.65634 1062.715 -69.6264
0 1062.715 -74.62535
7.47812 1076.75 -28.46369
18.65634 1062.715 -69.6264
37.31268 1062.715 -64.62745
215.0449 -179.641 201.1897
156.4547 -179.6414 219.6581
179.6896 -179.641 236.545
250.4002 -179.641 236.545
215.0449 -179.641 271.9004
153.0734 -179.6414 369.5518
0.00002 -179.6414 270
-142.6058 -229.6414 196.2801
-230.7411 -229.6414 74.97234
-230.7411 -229.6414 -74.97234
-142.6059 -229.6414 -196.2801
0.00001 -229.6414 242.6156
142.6059 -229.6414 196.2801
-0.07811 1400.794 -0.44844
0.00001 -229.6414 -242.6156
142.6058 -229.6414 -196.2801
0 370 -99.99999
-50 370 -86.60254
-86.60254 370 -50
0.00001 270.1782 250.0517
540.4551 270.3586 361.1206
637.5103 270.3586 126.8087
637.5103 270.3586 -126.8086
-637.5103 170.3586 -126.8087
-540.4551 170.3586 -361.1206
-361.1205 170.3586 -540.4551
-126.8087 170.3586 -637.5103
-105.501 170.3586 -637.5103
-104.8385 170.3586 -507.1758
-1108.353 170.4919 -129.9999
-1108.353 110.4919 -152.5051
-361.1206 270.3586 540.4551
-126.8088 270.3586 637.5103
126.8086 270.3586 637.5103
361.1205 270.3586 540.4551
-761.2175 384.2755 -575.2231
-786.0187 339.3229 -560.9042
-779.437 384.2755 -643.2191
230.7411 -229.6414 -74.97236
230.7411 -229.6414 74.97231
250.0823 416.5801 -17.31605
50 370 86.60254
0 370 99.99999
0.00002 370 279.025
-50 370 86.60254
-86.60254 370 49.99999
-100 370 0
-508.134 110.4919 -43.27969
-1108.353 110.4919 -43.27972
-784.5795 170.4253 127.7977
-1108.353 170.4919 130.1607
-784.5309 170.4919 -129.9999
-1108.353 110.4919 152.6659
-1108.353 110.4919 43.44051
-508.134 110.4919 43.44054
-104.6639 170.3586 -686.5495
-136.5632 170.3586 -686.5496
-388.899 170.3586 -582.0286
-582.0286 170.3586 -388.8991
-665.1755 170.3586 -444.4561
-784.628 170.3586 -118.8364
-864.5164 220.3586 -171.963
-864.5164 220.3586 171.963
-686.5496 170.3586 136.5632
-665.1755 170.3586 444.4561
-582.0286 170.3586 388.8991
-732.9017 220.3586 489.7092
130.0548 170.4919 -1108
152.56 110.4919 -1108
43.33458 110.4919 -508.134
43.33461 110.4919 -1108
-130.1059 170.4919 -1108
-130.1059 170.4919 -784.1777
130.0548 170.4919 -784.1777
-152.611 110.4919 -1108
-43.38564 110.4919 -1108
-43.38565 110.4919 -508.134
415.3062 60 -319.6938
415.3062 -60 -319.6938
412.067 -84.5448 320.6847
412.067 10.4552 320.6848
-201.4348 -189.641 226.688
-231.3565 -189.6411 256.6098
-261.2784 -189.6411 226.688
-231.3566 -189.641 196.7662
-279.4499 570.739 -228.7482
-227.8311 570.739 -280.3669
-709.7108 126.0742 -709.7106
-739.0001 126.0743 -638.9999
-699.2025 -223.9257 -699.2024
-724.1392 -223.9257 -638.9999
-699.2024 -223.9257 -578.7975
-709.7107 126.0743 -568.2893
244.4811 -189.641 236.545
215.0449 -189.641 265.9812
185.6087 -189.641 236.545
215.0449 -189.641 207.1088
-578.7976 -223.9257 -578.7975
-639.0001 -223.9257 -553.8608
-639.0001 -223.9257 -724.139
525.5148 92.64288 -292.7486
582.5587 92.64285 -155.0323
525.5148 92.64282 -17.31608
556.0427 147.1236 -323.2765
556.0427 170.359 -323.2765
625.7318 147.1235 -155.0323
556.0427 147.1235 13.21187
-665.1755 270.3586 -444.4561
-784.628 270.3586 -156.0722
-784.628 270.3586 156.0722
-686.5496 270.3586 136.5632
-665.1755 270.3586 444.4561
-582.0286 270.3586 388.8991
-388.899 270.3586 582.0286
-444.4561 270.3586 665.1755
-156.0722 270.3586 784.628
156.0723 270.3586 784.6281
136.5632 270.3586 686.5495
444.4561 270.3586 665.1755
388.8991 270.3586 582.0286
582.0286 270.3586 388.899
665.1755 270.3586 444.456
784.6281 270.3586 156.0721
784.6281 270.3586 -156.0723
686.5495 270.3586 -136.5632
665.1755 270.3586 -444.4562
582.0286 270.3586 -388.8991
388.8991 270.3586 -582.0286
444.4561 270.3586 -665.1755
156.0723 270.3586 -784.6281
-156.0722 270.3586 -784.6281
-136.5632 270.3586 -686.5496
136.5632 270.3586 -686.5496
686.5496 270.3586 136.5631
-136.5632 270.3586 686.5495
-686.5495 270.3586 -136.5632
-582.0286 270.3586 -388.8991
-388.899 270.3586 -582.0286
-438.205 270.387 -617.3171
-444.456 270.3586 -665.1755
387.7985 362.0995 -392.9655
-578.7976 -223.9257 -699.2024
-553.8609 -223.9257 -638.9999
-452.687 339.3229 -617.3171
-481.325 384.2755 -617.3171
-639.0001 126.0742 -738.9999
-568.2894 126.0742 -709.7106
-639.0001 126.0743 -539
-568.2894 126.0743 -568.2892
-539 126.0743 -638.9999
525.5148 416.5802 -292.7486
582.5587 416.5801 -155.0323
-686.5494 170.3586 125.9983
387.7985 416.5802 -349.7925
104.4225 170.3586 -637.5103
104.1701 170.3586 -507.067
126.8087 170.3586 -637.5103
361.1206 170.3586 -540.4551
540.4551 170.3586 -361.1206
-637.5103 270.3586 -126.8088
-637.5103 270.3586 126.8085
-686.5495 170.3586 -136.5632
-686.5494 170.3586 -119.4213

FACES
0 0 0	0 0 0	3	0 1 2
0 0 0	0 0 0	3	3 1 0
0 0 0	0 0 0	3	3 4 1
0 0 0	0 0 0	3	1 4 5
0 0 0	0 0 0	3	4 6 5
0 0 0	0 0 0	3	7 6 4
0 0 0	0 0 0	3	7 8 6
0 0 0	0 0 0	3	6 8 9
0 0 0	0 0 0	3	9 8 10
0 0 0	0 0 0	3	11 10 8
0 0 0	0 0 0	3	11 12 10
0 0 0	0 0 0	3	10 12 13
0 0 0	0 0 0	3	12 14 13
0 0 0	0 0 0	3	15 14 12
0 0 0	0 0 0	3	0 14 15
0 0 0	0 0 0	3	14 0 2
0 0 0	0 0 0	3	16 17 18
0 0 0	0 0 0	3	0 17 16
0 0 0	0 0 0	3	16 19 0
0 0 0	0 0 0	3	0 19 3
0 0 0	0 0 0	3	19 20 3
0 0 0	0 0 0	3	3 20 4
0 0 0	0 0 0	3	4 20 21
0 0 0	0 0 0	3	15 22 0
0 0 0	0 0 0	3	0 22 23
0 0 0	0 0 0	3	24 25 26
0 0 0	0 0 0	3	26 25 23
0 0 0	0 0 0	3	23 25 0
0 0 0	0 0 0	3	0 25 27
0 0 0	0 0 0	3	28 27 29
0 0 0	0 0 0	3	28 29 30
0 0 0	0 0 0	3	30 29 31
0 0 0	0 0 0	3	31 29 32
0 0 0	0 0 0	3	32 29 25
0 0 0	0 0 0	3	29 27 25
0 0 0	0 0 0	3	27 17 0
0 0 0	0 0 0	3	17 27 33
0 0 0	0 0 0	3	34 35 36
0 0 0	0 0 0	3	36 35 37
0 0 0	0 0 0	3	38 39 4
0 0 0	0 0 0	3	4 39 7
0 0 0	0 0 0	3	7 39 40
0 0 0	0 0 0	3	40 41 7
0 0 0	0 0 0	3	42 41 40
0 0 0	0 0 0	3	42 40 43
0 0 0	0 0 0	3	40 44 43
0 0 0	0 0 0	3	45 44 40
0 0 0	0 0 0	3	21 46 47
0 0 0	0 0 0	3	21 47 4
0 0 0	0 0 0	3	4 47 38
0 0 0	0 0 0	3	38 47 48
0 0 0	0 0 0	3	8 49 50
0 0 0	0 0 0	3	49 8 51
0 0 0	0 0 0	3	7 51 8
0 0 0	0 0 0	3	41 52 7
0 0 0	0 0 0	3	7 52 51
0 0 0	0 0 0	3	53 54 55
0 0 0	0 0 0	3	56 54 53
0 0 0	0 0 0	3	56 57 54
0 0 0	0 0 0	3	57 58 54
0 0 0	0 0 0	3	59 54 58
0 0 0	0 0 0	3	54 59 60
0 0 0	0 0 0	3	61 60 59
0 0 0	0 0 0	3	60 61 62
0 0 0	0 0 0	3	61 63 62
0 0 0	0 0 0	3	64 62 63
0 0 0	0 0 0	3	65 62 64
0 0 0	0 0 0	3	66 62 65
0 0 0	0 0 0	3	67 62 66
0 0 0	0 0 0	3	68 62 67
0 0 0	0 0 0	3	60 62 68
0 0 0	0 0 0	3	68 54 60
0 0 0	0 0 0	3	55 54 68
0 0 0	0 0 0	3	68 69 55
0 0 0	0 0 0	3	53 55 69
0 0 0	0 0 0	3	70 53 69
0 0 0	0 0 0	3	71 72 39
0 0 0	0 0 0	3	40 39 72
0 0 0	0 0 0	3	72 73 40
0 0 0	0 0 0	3	73 74 40
0 0 0	0 0 0	3	40 74 75
0 0 0	0 0 0	3	76 40 75
0 0 0	0 0 0	3	40 76 45
0 0 0	0 0 0	3	76 77 45
0 0 0	0 0 0	3	45 77 78
0 0 0	0 0 0	3	79 78 77
0 0 0	0 0 0	3	80 78 79
0 0 0	0 0 0	3	81 78 80
0 0 0	0 0 0	3	78 81 82
0 0 0	0 0 0	3	81 83 82
0 0 0	0 0 0	3	82 83 84
0 0 0	0 0 0	3	85 84 83
0 0 0	0 0 0	3	83 86 85
0 0 0	0 0 0	3	87 86 83
0 0 0	0 0 0	3	88 36 37
0 0 0	0 0 0	3	36 88 89
0 0 0	0 0 0	3	89 88 90
0 0 0	0 0 0	3	91 90 88
0 0 0	0 0 0	3	90 91 92
0 0 0	0 0 0	3	92 91 93
0 0 0	0 0 0	3	92 93 94
0 0 0	0 0 0	3	94 93 95
0 0 0	0 0 0	3	95 93 96
0 0 0	0 0 0	3	97 98 99
0 0 0	0 0 0	3	99 98 100
0 0 0	0 0 0	3	100 98 101
0 0 0	0 0 0	3	102 101 98
0 0 0	0 0 0	3	103 101 102
0 0 0	0 0 0	3	101 103 104
0 0 0	0 0 0	3	8 105 106
0 0 0	0 0 0	3	45 105 8
0 0 0	0 0 0	3	78 105 45
0 0 0	0 0 0	3	107 105 78
0 0 0	0 0 0	3	78 108 107
0 0 0	0 0 0	3	11 108 78
0 0 0	0 0 0	3	8 108 11
0 0 0	0 0 0	3	106 108 8
0 0 0	0 0 0	3	109 110 111
0 0 0	0 0 0	3	111 110 112
0 0 0	0 0 0	3	110 113 112
0 0 0	0 0 0	3	50 113 110
0 0 0	0 0 0	3	50 110 8
0 0 0	0 0 0	3	8 110 45
0 0 0	0 0 0	3	109 45 110
0 0 0	0 0 0	3	45 109 44
0 0 0	0 0 0	3	114 35 115
0 0 0	0 0 0	3	37 35 114
0 0 0	0 0 0	3	114 88 37
0 0 0	0 0 0	3	88 114 116
0 0 0	0 0 0	3	116 114 117
0 0 0	0 0 0	3	118 119 120
0 0 0	0 0 0	3	120 119 121
0 0 0	0 0 0	3	122 121 119
0 0 0	0 0 0	3	122 119 123
0 0 0	0 0 0	3	119 124 123
0 0 0	0 0 0	3	123 124 125
0 0 0	0 0 0	3	126 125 124
0 0 0	0 0 0	3	119 126 124
0 0 0	0 0 0	3	127 126 119
0 0 0	0 0 0	3	127 119 118
0 0 0	0 0 0	3	127 118 69
0 0 0	0 0 0	3	69 118 70
0 0 0	0 0 0	3	128 129 11
0 0 0	0 0 0	3	11 129 130
0 0 0	0 0 0	3	131 130 129
0 0 0	0 0 0	3	132 131 129
0 0 0	0 0 0	3	129 133 132
0 0 0	0 0 0	3	132 133 134
0 0 0	0 0 0	3	12 130 135
0 0 0	0 0 0	3	11 130 12
0 0 0	0 0 0	3	128 136 137
0 0 0	0 0 0	3	138 136 128
0 0 0	0 0 0	3	138 128 78
0 0 0	0 0 0	3	78 128 11
0 0 0	0 0 0	3	139 140 141
0 0 0	0 0 0	3	135 140 139
0 0 0	0 0 0	3	135 139 12
0 0 0	0 0 0	3	12 139 82
0 0 0	0 0 0	3	139 131 82
0 0 0	0 0 0	3	82 131 132
0 0 0	0 0 0	3	82 132 78
0 0 0	0 0 0	3	78 132 138
0 0 0	0 0 0	3	142 143 144
0 0 0	0 0 0	3	144 143 145
0 0 0	0 0 0	3	145 143 146
0 0 0	0 0 0	3	146 143 147
0 0 0	0 0 0	3	121 146 147
0 0 0	0 0 0	3	146 121 122
0 0 0	0 0 0	3	146 122 148
0 0 0	0 0 0	3	123 148 122
0 0 0	0 0 0	3	149 148 123
0 0 0	0 0 0	3	149 150 148
0 0 0	0 0 0	3	151 150 149
0 0 0	0 0 0	3	152 153 151
0 0 0	0 0 0	3	154 153 152
0 0 0	0 0 0	3	155 153 154
0 0 0	0 0 0	3	156 153 155
0 0 0	0 0 0	3	156 157 153
0 0 0	0 0 0	3	158 153 157
0 0 0	0 0 0	3	158 150 153
0 0 0	0 0 0	3	150 151 153
0 0 0	0 0 0	3	152 151 149
0 0 0	0 0 0	3	152 149 159
0 0 0	0 0 0	3	84 160 82
0 0 0	0 0 0	3	82 160 12
0 0 0	0 0 0	3	161 12 160
0 0 0	0 0 0	3	161 162 12
0 0 0	0 0 0	3	12 162 15
0 0 0	0 0 0	3	22 162 163
0 0 0	0 0 0	3	15 162 22
0 0 0	0 0 0	3	164 165 105
0 0 0	0 0 0	3	105 165 106
0 0 0	0 0 0	3	107 166 105
0 0 0	0 0 0	3	105 166 164
0 0 0	0 0 0	3	164 166 167
0 0 0	0 0 0	3	167 166 168
0 0 0	0 0 0	3	168 166 169
0 0 0	0 0 0	3	169 166 170
0 0 0	0 0 0	3	165 169 170
0 0 0	0 0 0	3	171 169 165
0 0 0	0 0 0	3	171 165 167
0 0 0	0 0 0	3	167 165 164
0 0 0	0 0 0	3	172 173 167
0 0 0	0 0 0	3	167 173 171
0 0 0	0 0 0	3	168 174 167
0 0 0	0 0 0	3	167 174 172
0 0 0	0 0 0	3	170 108 165
0 0 0	0 0 0	3	165 108 106
0 0 0	0 0 0	3	175 169 173
0 0 0	0 0 0	3	173 169 171
0 0 0	0 0 0	3	170 166 108
0 0 0	0 0 0	3	108 166 107
0 0 0	0 0 0	3	175 174 169
0 0 0	0 0 0	3	169 174 168
0 0 0	0 0 0	3	176 177 42
0 0 0	0 0 0	3	42 177 41
0 0 0	0 0 0	3	41 177 52
0 0 0	0 0 0	3	178 52 177
0 0 0	0 0 0	3	179 180 181
0 0 0	0 0 0	3	181 180 182
0 0 0	0 0 0	3	180 183 182
0 0 0	0 0 0	3	184 183 180
0 0 0	0 0 0	3	144 185 142
0 0 0	0 0 0	3	186 185 144
0 0 0	0 0 0	3	187 185 186
0 0 0	0 0 0	3	185 187 188
0 0 0	0 0 0	3	188 187 57
0 0 0	0 0 0	3	58 57 187
0 0 0	0 0 0	3	109 111 44
0 0 0	0 0 0	3	189 44 111
0 0 0	0 0 0	3	189 190 44
0 0 0	0 0 0	3	44 190 43
0 0 0	0 0 0	3	43 190 42
0 0 0	0 0 0	3	176 42 190
0 0 0	0 0 0	3	178 191 52
0 0 0	0 0 0	3	52 191 51
0 0 0	0 0 0	3	51 191 49
0 0 0	0 0 0	3	192 49 191
0 0 0	0 0 0	3	113 49 192
0 0 0	0 0 0	3	49 113 50
0 0 0	0 0 0	3	193 194 195
0 0 0	0 0 0	3	196 195 194
0 0 0	0 0 0	3	196 197 195
0 0 0	0 0 0	3	195 197 198
0 0 0	0 0 0	3	198 197 199
0 0 0	0 0 0	3	200 199 197
0 0 0	0 0 0	3	201 199 200
0 0 0	0 0 0	3	202 199 201
0 0 0	0 0 0	3	203 204 96
0 0 0	0 0 0	3	96 204 95
0 0 0	0 0 0	3	95 204 205
0 0 0	0 0 0	3	206 205 204
0 0 0	0 0 0	3	180 207 184
0 0 0	0 0 0	3	208 207 180
0 0 0	0 0 0	3	209 207 208
0 0 0	0 0 0	3	210 207 209
0 0 0	0 0 0	3	127 69 126
0 0 0	0 0 0	3	126 69 211
0 0 0	0 0 0	3	211 69 68
0 0 0	0 0 0	3	211 68 212
0 0 0	0 0 0	3	68 67 212
0 0 0	0 0 0	3	66 212 67
0 0 0	0 0 0	3	213 212 66
0 0 0	0 0 0	3	214 212 213
0 0 0	0 0 0	3	215 212 214
0 0 0	0 0 0	3	216 217 218
0 0 0	0 0 0	3	217 219 218
0 0 0	0 0 0	3	220 219 217
0 0 0	0 0 0	3	221 219 220
0 0 0	0 0 0	3	219 221 222
0 0 0	0 0 0	3	223 222 221
0 0 0	0 0 0	3	224 222 223
0 0 0	0 0 0	3	225 224 226
0 0 0	0 0 0	3	227 225 226
0 0 0	0 0 0	3	227 226 228
0 0 0	0 0 0	3	228 226 229
0 0 0	0 0 0	3	228 229 230
0 0 0	0 0 0	3	231 228 230
0 0 0	0 0 0	3	231 230 232
0 0 0	0 0 0	3	232 230 233
0 0 0	0 0 0	3	233 234 235
0 0 0	0 0 0	3	236 235 234
0 0 0	0 0 0	3	237 235 236
0 0 0	0 0 0	3	238 235 237
0 0 0	0 0 0	3	239 235 238
0 0 0	0 0 0	3	240 235 239
0 0 0	0 0 0	3	240 232 235
0 0 0	0 0 0	3	232 233 235
0 0 0	0 0 0	3	233 230 234
0 0 0	0 0 0	3	234 230 241
0 0 0	0 0 0	3	230 242 241
0 0 0	0 0 0	3	229 242 230
0 0 0	0 0 0	3	226 242 229
0 0 0	0 0 0	3	242 226 243
0 0 0	0 0 0	3	243 226 223
0 0 0	0 0 0	3	224 223 226
0 0 0	0 0 0	3	225 222 224
0 0 0	0 0 0	3	244 222 225
0 0 0	0 0 0	3	244 245 222
0 0 0	0 0 0	3	245 219 222
0 0 0	0 0 0	3	245 246 219
0 0 0	0 0 0	3	246 218 219
0 0 0	0 0 0	3	218 246 247
0 0 0	0 0 0	3	248 247 246
0 0 0	0 0 0	3	247 248 249
0 0 0	0 0 0	3	59 249 248
0 0 0	0 0 0	3	59 187 249
0 0 0	0 0 0	3	58 187 59
0 0 0	0 0 0	3	39 250 251
0 0 0	0 0 0	3	38 250 39
0 0 0	0 0 0	3	251 252 39
0 0 0	0 0 0	3	39 252 71
0 0 0	0 0 0	3	253 250 48
0 0 0	0 0 0	3	48 250 38
0 0 0	0 0 0	3	71 252 48
0 0 0	0 0 0	3	48 252 253
0 0 0	0 0 0	3	19 254 255
0 0 0	0 0 0	3	16 254 19
0 0 0	0 0 0	3	255 256 19
0 0 0	0 0 0	3	19 256 257
0 0 0	0 0 0	3	258 254 18
0 0 0	0 0 0	3	18 254 16
0 0 0	0 0 0	3	257 256 18
0 0 0	0 0 0	3	18 256 258
0 0 0	0 0 0	3	259 20 260
0 0 0	0 0 0	3	260 20 19
0 0 0	0 0 0	3	257 260 19
0 0 0	0 0 0	3	261 262 263
0 0 0	0 0 0	3	264 262 261
0 0 0	0 0 0	3	264 261 265
0 0 0	0 0 0	3	264 265 99
0 0 0	0 0 0	3	264 99 266
0 0 0	0 0 0	3	266 99 267
0 0 0	0 0 0	3	267 99 268
0 0 0	0 0 0	3	100 268 99
0 0 0	0 0 0	3	101 268 100
0 0 0	0 0 0	3	268 101 269
0 0 0	0 0 0	3	269 101 104
0 0 0	0 0 0	3	270 269 104
0 0 0	0 0 0	3	269 270 271
0 0 0	0 0 0	3	269 271 195
0 0 0	0 0 0	3	262 195 271
0 0 0	0 0 0	3	195 262 193
0 0 0	0 0 0	3	193 262 264
0 0 0	0 0 0	3	264 272 193
0 0 0	0 0 0	3	272 264 34
0 0 0	0 0 0	3	264 35 34
0 0 0	0 0 0	3	115 35 264
0 0 0	0 0 0	3	273 115 264
0 0 0	0 0 0	3	274 273 264
0 0 0	0 0 0	3	275 273 274
0 0 0	0 0 0	3	210 273 275
0 0 0	0 0 0	3	263 276 261
0 0 0	0 0 0	3	261 276 277
0 0 0	0 0 0	3	277 276 278
0 0 0	0 0 0	3	278 276 279
0 0 0	0 0 0	3	279 276 280
0 0 0	0 0 0	3	281 282 283
0 0 0	0 0 0	3	282 284 285
0 0 0	0 0 0	3	285 284 286
0 0 0	0 0 0	3	285 286 287
0 0 0	0 0 0	3	286 288 287
0 0 0	0 0 0	3	287 288 281
0 0 0	0 0 0	3	281 288 289
0 0 0	0 0 0	3	284 281 289
0 0 0	0 0 0	3	281 284 282
0 0 0	0 0 0	3	283 282 290
0 0 0	0 0 0	3	291 283 290
0 0 0	0 0 0	3	292 283 291
0 0 0	0 0 0	3	292 291 293
0 0 0	0 0 0	3	294 293 291
0 0 0	0 0 0	3	294 295 293
0 0 0	0 0 0	3	296 293 295
0 0 0	0 0 0	3	293 296 297
0 0 0	0 0 0	3	297 296 298
0 0 0	0 0 0	3	299 298 296
0 0 0	0 0 0	3	34 36 272
0 0 0	0 0 0	3	300 272 36
0 0 0	0 0 0	3	194 272 300
0 0 0	0 0 0	3	193 272 194
0 0 0	0 0 0	3	278 279 277
0 0 0	0 0 0	3	103 277 279
0 0 0	0 0 0	3	277 103 301
0 0 0	0 0 0	3	102 301 103
0 0 0	0 0 0	3	301 102 97
0 0 0	0 0 0	3	98 97 102
0 0 0	0 0 0	3	302 303 304
0 0 0	0 0 0	3	303 302 305
0 0 0	0 0 0	3	306 305 302
0 0 0	0 0 0	3	307 305 306
0 0 0	0 0 0	3	305 307 308
0 0 0	0 0 0	3	309 308 307
0 0 0	0 0 0	3	310 308 309
0 0 0	0 0 0	3	308 310 311
0 0 0	0 0 0	3	312 311 310
0 0 0	0 0 0	3	313 311 312
0 0 0	0 0 0	3	311 313 314
0 0 0	0 0 0	3	315 314 313
0 0 0	0 0 0	3	316 314 315
0 0 0	0 0 0	3	314 316 317
0 0 0	0 0 0	3	318 317 316
0 0 0	0 0 0	3	319 317 318
0 0 0	0 0 0	3	317 319 320
0 0 0	0 0 0	3	321 320 319
0 0 0	0 0 0	3	322 320 321
0 0 0	0 0 0	3	320 322 323
0 0 0	0 0 0	3	324 323 322
0 0 0	0 0 0	3	325 323 324
0 0 0	0 0 0	3	323 325 326
0 0 0	0 0 0	3	327 326 325
0 0 0	0 0 0	3	328 326 327
0 0 0	0 0 0	3	326 328 329
0 0 0	0 0 0	3	330 329 328
0 0 0	0 0 0	3	331 329 330
0 0 0	0 0 0	3	329 331 332
0 0 0	0 0 0	3	333 332 331
0 0 0	0 0 0	3	334 332 333
0 0 0	0 0 0	3	332 334 335
0 0 0	0 0 0	3	336 335 334
0 0 0	0 0 0	3	337 335 336
0 0 0	0 0 0	3	335 337 303
0 0 0	0 0 0	3	304 303 337
0 0 0	0 0 0	3	338 339 340
0 0 0	0 0 0	3	339 338 299
0 0 0	0 0 0	3	299 338 298
0 0 0	0 0 0	3	298 338 341
0 0 0	0 0 0	3	341 342 298
0 0 0	0 0 0	3	298 342 343
0 0 0	0 0 0	3	342 340 343
0 0 0	0 0 0	3	343 340 339
0 0 0	0 0 0	3	343 339 287
0 0 0	0 0 0	3	287 339 344
0 0 0	0 0 0	3	285 287 344
0 0 0	0 0 0	3	345 346 285
0 0 0	0 0 0	3	285 346 282
0 0 0	0 0 0	3	347 282 346
0 0 0	0 0 0	3	290 282 347
0 0 0	0 0 0	3	290 347 291
0 0 0	0 0 0	3	348 291 347
0 0 0	0 0 0	3	349 339 350
0 0 0	0 0 0	3	344 339 349
0 0 0	0 0 0	3	344 349 285
0 0 0	0 0 0	3	285 349 345
0 0 0	0 0 0	3	311 351 308
0 0 0	0 0 0	3	308 351 305
0 0 0	0 0 0	3	305 351 303
0 0 0	0 0 0	3	348 352 291
0 0 0	0 0 0	3	291 352 294
0 0 0	0 0 0	3	353 294 352
0 0 0	0 0 0	3	294 353 295
0 0 0	0 0 0	3	347 346 345
0 0 0	0 0 0	3	347 345 348
0 0 0	0 0 0	3	348 345 352
0 0 0	0 0 0	3	352 345 350
0 0 0	0 0 0	3	345 349 350
0 0 0	0 0 0	3	302 304 90
0 0 0	0 0 0	3	90 304 89
0 0 0	0 0 0	3	337 89 304
0 0 0	0 0 0	3	336 89 337
0 0 0	0 0 0	3	89 336 354
0 0 0	0 0 0	3	334 354 336
0 0 0	0 0 0	3	333 354 334
0 0 0	0 0 0	3	354 333 355
0 0 0	0 0 0	3	331 355 333
0 0 0	0 0 0	3	330 355 331
0 0 0	0 0 0	3	355 330 356
0 0 0	0 0 0	3	328 356 330
0 0 0	0 0 0	3	198 269 195
0 0 0	0 0 0	3	199 269 198
0 0 0	0 0 0	3	269 199 202
0 0 0	0 0 0	3	357 269 202
0 0 0	0 0 0	3	269 357 358
0 0 0	0 0 0	3	357 206 358
0 0 0	0 0 0	3	204 358 206
0 0 0	0 0 0	3	358 204 203
0 0 0	0 0 0	3	183 358 203
0 0 0	0 0 0	3	183 184 358
0 0 0	0 0 0	3	358 184 359
0 0 0	0 0 0	3	359 184 360
0 0 0	0 0 0	3	360 184 207
0 0 0	0 0 0	3	21 361 46
0 0 0	0 0 0	3	361 21 362
0 0 0	0 0 0	3	20 362 21
0 0 0	0 0 0	3	362 20 363
0 0 0	0 0 0	3	363 20 364
0 0 0	0 0 0	3	20 365 364
0 0 0	0 0 0	3	366 365 20
0 0 0	0 0 0	3	47 367 368
0 0 0	0 0 0	3	46 367 47
0 0 0	0 0 0	3	369 269 370
0 0 0	0 0 0	3	370 269 371
0 0 0	0 0 0	3	371 269 372
0 0 0	0 0 0	3	372 269 358
0 0 0	0 0 0	3	159 149 373
0 0 0	0 0 0	3	373 149 374
0 0 0	0 0 0	3	123 374 149
0 0 0	0 0 0	3	123 125 374
0 0 0	0 0 0	3	373 374 125
0 0 0	0 0 0	3	373 125 375
0 0 0	0 0 0	3	375 125 214
0 0 0	0 0 0	3	214 125 215
0 0 0	0 0 0	3	125 126 215
0 0 0	0 0 0	3	215 126 212
0 0 0	0 0 0	3	212 126 211
0 0 0	0 0 0	3	214 213 375
0 0 0	0 0 0	3	66 375 213
0 0 0	0 0 0	3	66 159 375
0 0 0	0 0 0	3	375 159 373
0 0 0	0 0 0	3	295 353 296
0 0 0	0 0 0	3	376 296 353
0 0 0	0 0 0	3	377 296 376
0 0 0	0 0 0	3	296 377 299
0 0 0	0 0 0	3	299 377 339
0 0 0	0 0 0	3	339 377 350
0 0 0	0 0 0	3	352 350 353
0 0 0	0 0 0	3	353 350 376
0 0 0	0 0 0	3	376 350 377
0 0 0	0 0 0	3	203 96 183
0 0 0	0 0 0	3	183 96 182
0 0 0	0 0 0	3	181 182 96
0 0 0	0 0 0	3	181 96 378
0 0 0	0 0 0	3	378 96 93
0 0 0	0 0 0	3	205 94 95
0 0 0	0 0 0	3	94 205 379
0 0 0	0 0 0	3	379 205 380
0 0 0	0 0 0	3	381 380 205
0 0 0	0 0 0	3	201 380 381
0 0 0	0 0 0	3	382 380 201
0 0 0	0 0 0	3	382 201 383
0 0 0	0 0 0	3	200 383 201
0 0 0	0 0 0	3	197 383 200
0 0 0	0 0 0	3	383 197 384
0 0 0	0 0 0	3	384 197 356
0 0 0	0 0 0	3	356 197 196
0 0 0	0 0 0	3	194 356 196
0 0 0	0 0 0	3	356 194 355
0 0 0	0 0 0	3	355 194 354
0 0 0	0 0 0	3	354 194 300
0 0 0	0 0 0	3	36 354 300
0 0 0	0 0 0	3	354 36 89
0 0 0	0 0 0	3	99 301 97
0 0 0	0 0 0	3	265 301 99
0 0 0	0 0 0	3	385 47 386
0 0 0	0 0 0	3	368 386 47
0 0 0	0 0 0	3	367 387 388
0 0 0	0 0 0	3	389 387 367
0 0 0	0 0 0	3	388 390 367
0 0 0	0 0 0	3	367 390 368
0 0 0	0 0 0	3	391 390 392
0 0 0	0 0 0	3	72 392 390
0 0 0	0 0 0	3	388 73 390
0 0 0	0 0 0	3	390 73 72
0 0 0	0 0 0	3	393 247 394
0 0 0	0 0 0	3	394 247 395
0 0 0	0 0 0	3	247 249 395
0 0 0	0 0 0	3	249 187 395
0 0 0	0 0 0	3	186 395 187
0 0 0	0 0 0	3	144 395 186
0 0 0	0 0 0	3	395 144 396
0 0 0	0 0 0	3	145 396 144
0 0 0	0 0 0	3	396 145 397
0 0 0	0 0 0	3	145 146 397
0 0 0	0 0 0	3	148 397 146
0 0 0	0 0 0	3	397 148 398
0 0 0	0 0 0	3	399 398 148
0 0 0	0 0 0	3	400 398 399
0 0 0	0 0 0	3	398 400 387
0 0 0	0 0 0	3	387 400 401
0 0 0	0 0 0	3	402 401 400
0 0 0	0 0 0	3	401 402 403
0 0 0	0 0 0	3	403 402 237
0 0 0	0 0 0	3	238 237 402
0 0 0	0 0 0	3	239 238 402
0 0 0	0 0 0	3	404 239 402
0 0 0	0 0 0	3	404 402 400
0 0 0	0 0 0	3	33 405 17
0 0 0	0 0 0	3	17 405 406
0 0 0	0 0 0	3	407 17 408
0 0 0	0 0 0	3	406 408 17
0 0 0	0 0 0	3	409 405 410
0 0 0	0 0 0	3	411 410 405
0 0 0	0 0 0	3	409 412 405
0 0 0	0 0 0	3	405 412 406
0 0 0	0 0 0	3	413 412 414
0 0 0	0 0 0	3	260 414 412
0 0 0	0 0 0	3	409 259 412
0 0 0	0 0 0	3	412 259 260
0 0 0	0 0 0	3	301 261 277
0 0 0	0 0 0	3	261 301 265
0 0 0	0 0 0	3	415 22 163
0 0 0	0 0 0	3	416 22 415
0 0 0	0 0 0	3	23 22 26
0 0 0	0 0 0	3	26 22 416
0 0 0	0 0 0	3	163 25 415
0 0 0	0 0 0	3	415 25 24
0 0 0	0 0 0	3	25 162 32
0 0 0	0 0 0	3	163 162 25
0 0 0	0 0 0	3	137 133 128
0 0 0	0 0 0	3	128 133 129
0 0 0	0 0 0	3	134 136 132
0 0 0	0 0 0	3	132 136 138
0 0 0	0 0 0	3	417 140 130
0 0 0	0 0 0	3	130 140 135
0 0 0	0 0 0	3	131 418 130
0 0 0	0 0 0	3	130 418 417
0 0 0	0 0 0	3	141 418 139
0 0 0	0 0 0	3	139 418 131
0 0 0	0 0 0	3	288 419 420
0 0 0	0 0 0	3	286 419 288
0 0 0	0 0 0	3	289 421 284
0 0 0	0 0 0	3	284 421 422
0 0 0	0 0 0	3	419 284 422
0 0 0	0 0 0	3	284 419 286
0 0 0	0 0 0	3	420 421 288
0 0 0	0 0 0	3	288 421 289
0 0 0	0 0 0	3	104 103 270
0 0 0	0 0 0	3	280 270 103
0 0 0	0 0 0	3	423 270 280
0 0 0	0 0 0	3	270 423 271
0 0 0	0 0 0	3	271 423 262
0 0 0	0 0 0	3	262 423 424
0 0 0	0 0 0	3	425 426 427
0 0 0	0 0 0	3	427 426 428
0 0 0	0 0 0	3	426 429 428
0 0 0	0 0 0	3	430 429 426
0 0 0	0 0 0	3	342 431 432
0 0 0	0 0 0	3	341 431 342
0 0 0	0 0 0	3	340 433 338
0 0 0	0 0 0	3	338 433 434
0 0 0	0 0 0	3	431 338 434
0 0 0	0 0 0	3	338 431 341
0 0 0	0 0 0	3	432 433 342
0 0 0	0 0 0	3	342 433 340
0 0 0	0 0 0	3	280 276 423
0 0 0	0 0 0	3	424 423 276
0 0 0	0 0 0	3	435 429 436
0 0 0	0 0 0	3	437 429 435
0 0 0	0 0 0	3	427 429 437
0 0 0	0 0 0	3	428 429 427
0 0 0	0 0 0	3	263 262 276
0 0 0	0 0 0	3	276 262 424
0 0 0	0 0 0	3	279 280 103
0 0 0	0 0 0	3	32 162 438
0 0 0	0 0 0	3	438 162 439
0 0 0	0 0 0	3	439 162 440
0 0 0	0 0 0	3	440 162 161
0 0 0	0 0 0	3	441 86 442
0 0 0	0 0 0	3	86 441 443
0 0 0	0 0 0	3	443 441 439
0 0 0	0 0 0	3	439 441 438
0 0 0	0 0 0	3	442 30 441
0 0 0	0 0 0	3	30 31 441
0 0 0	0 0 0	3	32 441 31
0 0 0	0 0 0	3	438 441 32
0 0 0	0 0 0	3	444 84 85
0 0 0	0 0 0	3	160 84 444
0 0 0	0 0 0	3	160 444 161
0 0 0	0 0 0	3	440 161 444
0 0 0	0 0 0	3	148 150 445
0 0 0	0 0 0	3	148 445 446
0 0 0	0 0 0	3	399 148 446
0 0 0	0 0 0	3	399 446 400
0 0 0	0 0 0	3	446 447 400
0 0 0	0 0 0	3	448 449 447
0 0 0	0 0 0	3	450 449 448
0 0 0	0 0 0	3	451 449 450
0 0 0	0 0 0	3	451 452 449
0 0 0	0 0 0	3	452 453 239
0 0 0	0 0 0	3	240 239 453
0 0 0	0 0 0	3	240 453 232
0 0 0	0 0 0	3	453 454 232
0 0 0	0 0 0	3	455 456 454
0 0 0	0 0 0	3	457 456 455
0 0 0	0 0 0	3	458 456 457
0 0 0	0 0 0	3	458 459 456
0 0 0	0 0 0	3	228 459 460
0 0 0	0 0 0	3	227 228 460
0 0 0	0 0 0	3	227 460 225
0 0 0	0 0 0	3	460 461 225
0 0 0	0 0 0	3	462 463 461
0 0 0	0 0 0	3	464 463 462
0 0 0	0 0 0	3	465 463 464
0 0 0	0 0 0	3	465 466 463
0 0 0	0 0 0	3	466 467 245
0 0 0	0 0 0	3	245 467 246
0 0 0	0 0 0	3	246 467 468
0 0 0	0 0 0	3	469 468 467
0 0 0	0 0 0	3	469 467 470
0 0 0	0 0 0	3	465 470 467
0 0 0	0 0 0	3	465 467 466
0 0 0	0 0 0	3	245 463 466
0 0 0	0 0 0	3	244 463 245
0 0 0	0 0 0	3	244 225 463
0 0 0	0 0 0	3	461 463 225
0 0 0	0 0 0	3	462 461 460
0 0 0	0 0 0	3	462 460 471
0 0 0	0 0 0	3	471 460 458
0 0 0	0 0 0	3	458 460 459
0 0 0	0 0 0	3	459 228 456
0 0 0	0 0 0	3	231 456 228
0 0 0	0 0 0	3	231 232 456
0 0 0	0 0 0	3	454 456 232
0 0 0	0 0 0	3	455 454 453
0 0 0	0 0 0	3	455 453 472
0 0 0	0 0 0	3	472 453 451
0 0 0	0 0 0	3	451 453 452
0 0 0	0 0 0	3	449 452 239
0 0 0	0 0 0	3	404 449 239
0 0 0	0 0 0	3	404 400 449
0 0 0	0 0 0	3	447 449 400
0 0 0	0 0 0	3	448 447 446
0 0 0	0 0 0	3	448 446 473
0 0 0	0 0 0	3	473 446 474
0 0 0	0 0 0	3	474 446 445
0 0 0	0 0 0	3	445 150 474
0 0 0	0 0 0	3	158 474 150
0 0 0	0 0 0	3	158 157 474
0 0 0	0 0 0	3	474 157 475
0 0 0	0 0 0	3	476 475 157
0 0 0	0 0 0	3	475 476 477
0 0 0	0 0 0	3	476 61 477
0 0 0	0 0 0	3	440 444 439
0 0 0	0 0 0	3	444 443 439
0 0 0	0 0 0	3	86 443 444
0 0 0	0 0 0	3	85 86 444
0 0 0	0 0 0	3	159 154 152
0 0 0	0 0 0	3	154 159 64
0 0 0	0 0 0	3	64 159 66
0 0 0	0 0 0	3	65 64 66
0 0 0	0 0 0	3	115 273 114
0 0 0	0 0 0	3	114 273 478
0 0 0	0 0 0	3	478 273 209
0 0 0	0 0 0	3	209 273 210
0 0 0	0 0 0	3	437 435 479
0 0 0	0 0 0	3	480 479 435
0 0 0	0 0 0	3	475 477 469
0 0 0	0 0 0	3	469 477 468
0 0 0	0 0 0	3	248 468 477
0 0 0	0 0 0	3	248 477 59
0 0 0	0 0 0	3	477 61 59
0 0 0	0 0 0	3	481 61 476
0 0 0	0 0 0	3	63 61 481
0 0 0	0 0 0	3	63 481 64
0 0 0	0 0 0	3	482 64 481
0 0 0	0 0 0	3	482 481 155
0 0 0	0 0 0	3	155 481 156
0 0 0	0 0 0	3	481 157 156
0 0 0	0 0 0	3	157 481 476
0 0 0	0 0 0	3	483 479 484
0 0 0	0 0 0	3	437 479 483
0 0 0	0 0 0	3	437 483 427
0 0 0	0 0 0	3	425 427 483
0 0 0	0 0 0	3	357 205 206
0 0 0	0 0 0	3	205 357 381
0 0 0	0 0 0	3	381 357 201
0 0 0	0 0 0	3	202 201 357
0 0 0	0 0 0	3	118 425 70
0 0 0	0 0 0	3	118 426 425
0 0 0	0 0 0	3	120 426 118
0 0 0	0 0 0	3	121 426 120
0 0 0	0 0 0	3	426 121 430
0 0 0	0 0 0	3	147 430 121
0 0 0	0 0 0	3	143 430 147
0 0 0	0 0 0	3	143 485 430
0 0 0	0 0 0	3	142 485 143
0 0 0	0 0 0	3	485 142 486
0 0 0	0 0 0	3	185 486 142
0 0 0	0 0 0	3	185 487 486
0 0 0	0 0 0	3	188 487 185
0 0 0	0 0 0	3	57 487 188
0 0 0	0 0 0	3	487 57 484
0 0 0	0 0 0	3	56 484 57
0 0 0	0 0 0	3	56 483 484
0 0 0	0 0 0	3	53 483 56
0 0 0	0 0 0	3	70 483 53
0 0 0	0 0 0	3	483 70 425
0 0 0	0 0 0	3	88 116 91
0 0 0	0 0 0	3	378 91 116
0 0 0	0 0 0	3	93 91 378
0 0 0	0 0 0	3	488 209 489
0 0 0	0 0 0	3	489 209 208
0 0 0	0 0 0	3	489 208 180
0 0 0	0 0 0	3	489 180 179
0 0 0	0 0 0	3	327 356 328
0 0 0	0 0 0	3	356 327 384
0 0 0	0 0 0	3	325 384 327
0 0 0	0 0 0	3	324 384 325
0 0 0	0 0 0	3	384 324 383
0 0 0	0 0 0	3	322 383 324
0 0 0	0 0 0	3	321 383 322
0 0 0	0 0 0	3	383 321 382
0 0 0	0 0 0	3	319 382 321
0 0 0	0 0 0	3	401 490 387
0 0 0	0 0 0	3	309 94 310
0 0 0	0 0 0	3	94 309 92
0 0 0	0 0 0	3	307 92 309
0 0 0	0 0 0	3	306 92 307
0 0 0	0 0 0	3	92 306 90
0 0 0	0 0 0	3	302 90 306
0 0 0	0 0 0	3	117 491 116
0 0 0	0 0 0	3	491 179 116
0 0 0	0 0 0	3	488 179 491
0 0 0	0 0 0	3	179 488 489
0 0 0	0 0 0	3	485 429 430
0 0 0	0 0 0	3	436 429 485
0 0 0	0 0 0	3	436 485 435
0 0 0	0 0 0	3	486 435 485
0 0 0	0 0 0	3	117 114 491
0 0 0	0 0 0	3	491 114 478
0 0 0	0 0 0	3	491 478 209
0 0 0	0 0 0	3	491 209 488
0 0 0	0 0 0	3	486 487 435
0 0 0	0 0 0	3	435 487 480
0 0 0	0 0 0	3	487 479 480
0 0 0	0 0 0	3	484 479 487
0 0 0	0 0 0	3	154 64 155
0 0 0	0 0 0	3	155 64 482
0 0 0	0 0 0	3	320 351 317
0 0 0	0 0 0	3	317 351 314
0 0 0	0 0 0	3	314 351 311
0 0 0	0 0 0	3	116 179 378
0 0 0	0 0 0	3	378 179 181
0 0 0	0 0 0	3	310 94 312
0 0 0	0 0 0	3	379 312 94
0 0 0	0 0 0	3	312 379 313
0 0 0	0 0 0	3	313 379 315
0 0 0	0 0 0	3	380 315 379
0 0 0	0 0 0	3	315 380 316
0 0 0	0 0 0	3	316 380 318
0 0 0	0 0 0	3	382 318 380
0 0 0	0 0 0	3	318 382 319
0 0 0	0 0 0	3	303 351 335
0 0 0	0 0 0	3	335 351 332
0 0 0	0 0 0	3	332 351 329
0 0 0	0 0 0	3	492 493 494
0 0 0	0 0 0	3	493 27 494
0 0 0	0 0 0	3	494 27 495
0 0 0	0 0 0	3	27 30 495
0 0 0	0 0 0	3	27 28 30
0 0 0	0 0 0	3	329 351 326
0 0 0	0 0 0	3	326 351 323
0 0 0	0 0 0	3	323 351 320
0 0 0	0 0 0	3	495 30 496
0 0 0	0 0 0	3	496 30 442
0 0 0	0 0 0	3	268 269 497
0 0 0	0 0 0	3	498 497 269
0 0 0	0 0 0	3	396 397 398
0 0 0	0 0 0	3	396 398 499
0 0 0	0 0 0	3	500 499 398
0 0 0	0 0 0	3	248 246 468

TEXTURES
0	1.0 1.0	0.81241 0.10366	0.70561 0.12945	0.80173 0.12945
0	1.0 1.0	0.69493 0.10366	0.70561 0.12945	0.81241 0.10366
0	1.0 1.0	0.69493 0.10366	0.61186 0.18673	0.70561 0.12945
0	1.0 1.0	0.70561 0.12945	0.61186 0.18673	0.63764 0.19741
0	1.0 1.0	0.61186 0.18673	0.63764 0.29353	0.63764 0.19741
0	1.0 1.0	0.61186 0.30421	0.63764 0.29353	0.61186 0.18673
0	1.0 1.0	0.61186 0.30421	0.69493 0.38728	0.63764 0.29353
0	1.0 1.0	0.63764 0.29353	0.69493 0.38728	0.70561 0.36149
0	1.0 1.0	0.70561 0.36149	0.69493 0.38728	0.80173 0.36149
0	1.0 1.0	0.81241 0.38728	0.80173 0.36149	0.69493 0.38728
0	1.0 1.0	0.81241 0.38728	0.89547 0.30421	0.80173 0.36149
0	1.0 1.0	0.80173 0.36149	0.89547 0.30421	0.86969 0.29353
0	1.0 1.0	0.89547 0.30421	0.86969 0.19741	0.86969 0.29353
0	1.0 1.0	0.89547 0.18673	0.86969 0.19741	0.89547 0.30421
0	1.0 1.0	0.81241 0.10366	0.86969 0.19741	0.89547 0.18673
0	1.0 1.0	0.86969 0.19741	0.81241 0.10366	0.80173 0.12945
0	1.0 1.0	0.74851 0.975	0.75679 0.89395	0.74774 0.89392
0	1.0 1.0	0.77674 0.9927	0.75679 0.89395	0.74851 0.975
0	1.0 1.0	0.74851 0.975	0.66644 0.975	0.77674 0.9927
0	1.0 1.0	0.77674 0.9927	0.66644 0.975	0.63855 0.9927
0	1.0 1.0	0.66644 0.975	0.63756 0.87358	0.63855 0.9927
0	1.0 1.0	0.63855 0.9927	0.63756 0.87358	0.51388 0.99633
0	1.0 1.0	0.51388 0.99633	0.63756 0.87358	0.51274 0.87721
0	1.0 1.0	0.91878 0.99298	0.87359 0.95224	0.77542 0.99298
0	1.0 1.0	0.77542 0.99298	0.87359 0.95224	0.83272 0.95224
0	1.0 1.0	0.80936 0.91257	0.80425 0.91259	0.80975 0.95341
0	1.0 1.0	0.80975 0.95341	0.80425 0.91259	0.80464 0.95343
0	1.0 1.0	0.80464 0.95343	0.80425 0.91259	0.77674 0.9927
0	1.0 1.0	0.77674 0.9927	0.80425 0.91259	0.77526 0.87358
0	1.0 1.0	0.80752 0.87521	0.77526 0.87358	0.8076 0.88312
0	1.0 1.0	0.80752 0.87521	0.8076 0.88312	0.82339 0.87498
0	1.0 1.0	0.82339 0.87498	0.8076 0.88312	0.82347 0.88289
0	1.0 1.0	0.82347 0.88289	0.8076 0.88312	0.81503 0.90204
0	1.0 1.0	0.81503 0.90204	0.8076 0.88312	0.80425 0.91259
0	1.0 1.0	0.8076 0.88312	0.77526 0.87358	0.80425 0.91259
0	1.0 1.0	0.77526 0.87358	0.75679 0.89395	0.77674 0.9927
0	1.0 1.0	0.75679 0.89395	0.77526 0.87358	0.74921 0.87358
0	1.0 1.0	0.70344 0.63399	0.71492 0.63087	0.7017 0.61312
0	1.0 1.0	0.7017 0.61312	0.71492 0.63087	0.71314 0.61153
0	1.0 1.0	0.90798 0.85348	0.83721 0.85348	0.93215 0.86883
0	1.0 1.0	0.93215 0.86883	0.83721 0.85348	0.81298 0.86883
0	1.0 1.0	0.81298 0.86883	0.83721 0.85348	0.81341 0.76553
0	1.0 1.0	0.81341 0.76553	0.78726 0.81225	0.81298 0.86883
0	1.0 1.0	0.78234 0.79488	0.78726 0.81225	0.81341 0.76553
0	1.0 1.0	0.78234 0.79488	0.81341 0.76553	0.76939 0.7841
0	1.0 1.0	0.81341 0.76553	0.75337 0.78403	0.76939 0.7841
0	1.0 1.0	0.70418 0.76504	0.75337 0.78403	0.81341 0.76553
0	1.0 1.0	0.9321 0.76553	0.90889 0.76551	0.91588 0.7832
0	1.0 1.0	0.9321 0.76553	0.91588 0.7832	0.93215 0.86883
0	1.0 1.0	0.93215 0.86883	0.91588 0.7832	0.90798 0.85348
0	1.0 1.0	0.90798 0.85348	0.91588 0.7832	0.90809 0.7832
0	1.0 1.0	0.69081 0.86873	0.74703 0.84034	0.73228 0.82962
0	1.0 1.0	0.74703 0.84034	0.69081 0.86873	0.76528 0.84034
0	1.0 1.0	0.81505 0.86875	0.76528 0.84034	0.69081 0.86873
0	1.0 1.0	0.78198 0.81189	0.77634 0.82924	0.81137 0.86836
0	1.0 1.0	0.81137 0.86836	0.77634 0.82924	0.76159 0.83997
0	1.0 1.0	0.94257 0.63289	0.96949 0.61786	0.94161 0.61797
0	1.0 1.0	0.96583 0.63281	0.96949 0.61786	0.94257 0.63289
0	1.0 1.0	0.96583 0.63281	0.98406 0.63258	0.96949 0.61786
0	1.0 1.0	0.98406 0.63258	0.99183 0.61759	0.96949 0.61786
0	1.0 1.0	0.99529 0.60112	0.96949 0.61786	0.99183 0.61759
0	1.0 1.0	0.96949 0.61786	0.99529 0.60112	0.97172 0.58467
0	1.0 1.0	0.99573 0.58437	0.97172 0.58467	0.99529 0.60112
0	1.0 1.0	0.97172 0.58467	0.99573 0.58437	0.96942 0.56153
0	1.0 1.0	0.99573 0.58437	0.99176 0.56125	0.96942 0.56153
0	1.0 1.0	0.98395 0.54614	0.96942 0.56153	0.99176 0.56125
0	1.0 1.0	0.96572 0.54636	0.96942 0.56153	0.98395 0.54614
0	1.0 1.0	0.94245 0.54645	0.96942 0.56153	0.96572 0.54636
0	1.0 1.0	0.94153 0.56163	0.96942 0.56153	0.94245 0.54645
0	1.0 1.0	0.94108 0.58478	0.96942 0.56153	0.94153 0.56163
0	1.0 1.0	0.97172 0.58467	0.96942 0.56153	0.94108 0.58478
0	1.0 1.0	0.94108 0.58478	0.96949 0.61786	0.97172 0.58467
0	1.0 1.0	0.94161 0.61797	0.96949 0.61786	0.94108 0.58478
0	1.0 1.0	0.94108 0.58478	0.9149 0.61787	0.94161 0.61797
0	1.0 1.0	0.94257 0.63289	0.94161 0.61797	0.9149 0.61787
0	1.0 1.0	0.92051 0.63281	0.94257 0.63289	0.9149 0.61787
0	1.0 1.0	0.83731 0.7832	0.82948 0.7832	0.83721 0.85348
0	1.0 1.0	0.81341 0.76553	0.83721 0.85348	0.82948 0.7832
0	1.0 1.0	0.82948 0.7832	0.83664 0.76551	0.81341 0.76553
0	1.0 1.0	0.61014 0.28737	0.57417 0.28714	0.61058 0.31014
0	1.0 1.0	0.61058 0.31014	0.57417 0.28714	0.60126 0.35253
0	1.0 1.0	0.6513 0.40258	0.61058 0.31014	0.60126 0.35253
0	1.0 1.0	0.61058 0.31014	0.6513 0.40258	0.6936 0.39332
0	1.0 1.0	0.6513 0.40258	0.71669 0.42967	0.6936 0.39332
0	1.0 1.0	0.6936 0.39332	0.71669 0.42967	0.8107 0.39321
0	1.0 1.0	0.78747 0.42967	0.8107 0.39321	0.71669 0.42967
0	1.0 1.0	0.85286 0.40258	0.8107 0.39321	0.78747 0.42967
0	1.0 1.0	0.90291 0.35253	0.8107 0.39321	0.85286 0.40258
0	1.0 1.0	0.8107 0.39321	0.90291 0.35253	0.89363 0.31021
0	1.0 1.0	0.90291 0.35253	0.92999 0.28714	0.89363 0.31021
0	1.0 1.0	0.89363 0.31021	0.92999 0.28714	0.89389 0.2608
0	1.0 1.0	0.90726 0.25544	0.89389 0.2608	0.92999 0.28714
0	1.0 1.0	0.92999 0.28714	0.92671 0.20849	0.90726 0.25544
0	1.0 1.0	0.92999 0.21636	0.92671 0.20849	0.92999 0.28714
0	1.0 1.0	0.23763 0.68028	0.24188 0.65771	0.23325 0.66695
0	1.0 1.0	0.24188 0.65771	0.23763 0.68028	0.26521 0.69811
0	1.0 1.0	0.26521 0.69811	0.23763 0.68028	0.25567 0.70765
0	1.0 1.0	0.2319 0.69393	0.25567 0.70765	0.23763 0.68028
0	1.0 1.0	0.25567 0.70765	0.2319 0.69393	0.25218 0.72069
0	1.0 1.0	0.25218 0.72069	0.2319 0.69393	0.22034 0.72183
0	1.0 1.0	0.25218 0.72069	0.22034 0.72183	0.25567 0.73372
0	1.0 1.0	0.25567 0.73372	0.22034 0.72183	0.21526 0.75705
0	1.0 1.0	0.21526 0.75705	0.22034 0.72183	0.2082 0.72903
0	1.0 1.0	0.09569 0.22045	0.07838 0.2191	0.08325 0.43212
0	1.0 1.0	0.08325 0.43212	0.07838 0.2191	0.06852 0.43097
0	1.0 1.0	0.06852 0.43097	0.07838 0.2191	0.04304 0.43097
0	1.0 1.0	0.04844 0.2191	0.04304 0.43097	0.07838 0.2191
0	1.0 1.0	0.00433 0.22149	0.04304 0.43097	0.04844 0.2191
0	1.0 1.0	0.04304 0.43097	0.00433 0.22149	0.0055 0.433
0	1.0 1.0	0.69076 0.86787	0.68487 0.77092	0.68499 0.85464
0	1.0 1.0	0.69038 0.76457	0.68487 0.77092	0.69076 0.86787
0	1.0 1.0	0.56893 0.76457	0.68487 0.77092	0.69038 0.76457
0	1.0 1.0	0.57448 0.77092	0.68487 0.77092	0.56893 0.76457
0	1.0 1.0	0.56893 0.76457	0.57461 0.85464	0.57448 0.77092
0	1.0 1.0	0.56888 0.86787	0.57461 0.85464	0.56893 0.76457
0	1.0 1.0	0.69076 0.86787	0.57461 0.85464	0.56888 0.86787
0	1.0 1.0	0.68499 0.85464	0.57461 0.85464	0.69076 0.86787
0	1.0 1.0	0.7251 0.79383	0.72044 0.81121	0.72674 0.79384
0	1.0 1.0	0.72674 0.79384	0.72044 0.81121	0.72209 0.81122
0	1.0 1.0	0.72044 0.81121	0.7268 0.82854	0.72209 0.81122
0	1.0 1.0	0.72516 0.82852	0.7268 0.82854	0.72044 0.81121
0	1.0 1.0	0.72516 0.82852	0.72044 0.81121	0.69076 0.86787
0	1.0 1.0	0.69076 0.86787	0.72044 0.81121	0.69038 0.76457
0	1.0 1.0	0.7251 0.79383	0.69038 0.76457	0.72044 0.81121
0	1.0 1.0	0.69038 0.76457	0.7251 0.79383	0.73735 0.78302
0	1.0 1.0	0.78486 0.51039	0.7409 0.53759	0.7869 0.53619
0	1.0 1.0	0.74704 0.51567	0.7409 0.53759	0.78486 0.51039
0	1.0 1.0	0.78486 0.51039	0.7306 0.51043	0.74704 0.51567
0	1.0 1.0	0.7306 0.51043	0.78486 0.51039	0.73128 0.49144
0	1.0 1.0	0.73128 0.49144	0.78486 0.51039	0.77595 0.49127
0	1.0 1.0	0.88288 0.63314	0.85945 0.61863	0.85987 0.63335
0	1.0 1.0	0.85987 0.63335	0.85945 0.61863	0.83738 0.63314
0	1.0 1.0	0.83222 0.61838	0.83738 0.63314	0.85945 0.61863
0	1.0 1.0	0.83222 0.61838	0.85945 0.61863	0.82957 0.58528
0	1.0 1.0	0.85945 0.61863	0.8592 0.58556	0.82957 0.58528
0	1.0 1.0	0.82957 0.58528	0.8592 0.58556	0.85937 0.56232
0	1.0 1.0	0.8895 0.58528	0.85937 0.56232	0.8592 0.58556
0	1.0 1.0	0.85945 0.61863	0.8895 0.58528	0.8592 0.58556
0	1.0 1.0	0.8873 0.61838	0.8895 0.58528	0.85945 0.61863
0	1.0 1.0	0.8873 0.61838	0.85945 0.61863	0.88288 0.63314
0	1.0 1.0	0.8873 0.61838	0.88288 0.63314	0.90831 0.61769
0	1.0 1.0	0.90831 0.61769	0.88288 0.63314	0.90023 0.63257
0	1.0 1.0	0.80413 0.69205	0.77954 0.69211	0.82416 0.75973
0	1.0 1.0	0.82416 0.75973	0.77954 0.69211	0.74104 0.72722
0	1.0 1.0	0.74101 0.69455	0.74104 0.72722	0.77954 0.69211
0	1.0 1.0	0.77951 0.65944	0.74101 0.69455	0.77954 0.69211
0	1.0 1.0	0.77954 0.69211	0.78254 0.69211	0.77951 0.65944
0	1.0 1.0	0.77951 0.65944	0.78254 0.69211	0.78251 0.65944
0	1.0 1.0	0.6941 0.75964	0.74589 0.72694	0.71838 0.72694
0	1.0 1.0	0.83886 0.75964	0.74589 0.72694	0.6941 0.75964
0	1.0 1.0	0.55812 0.80963	0.55485 0.7816	0.55489 0.80964
0	1.0 1.0	0.55808 0.7816	0.55485 0.7816	0.55812 0.80963
0	1.0 1.0	0.55808 0.7816	0.55812 0.80963	0.56893 0.76457
0	1.0 1.0	0.56893 0.76457	0.55812 0.80963	0.56888 0.86787
0	1.0 1.0	0.71642 0.69461	0.71946 0.72728	0.71943 0.69462
0	1.0 1.0	0.71645 0.72728	0.71946 0.72728	0.71642 0.69461
0	1.0 1.0	0.71645 0.72728	0.71642 0.69461	0.69478 0.76003
0	1.0 1.0	0.69478 0.76003	0.71642 0.69461	0.69444 0.63968
0	1.0 1.0	0.71642 0.69461	0.74101 0.69455	0.69444 0.63968
0	1.0 1.0	0.69444 0.63968	0.74101 0.69455	0.77951 0.65944
0	1.0 1.0	0.69444 0.63968	0.77951 0.65944	0.82369 0.63937
0	1.0 1.0	0.82369 0.63937	0.77951 0.65944	0.8041 0.65938
0	1.0 1.0	0.74515 0.63542	0.76634 0.63585	0.73866 0.62098
0	1.0 1.0	0.73866 0.62098	0.76634 0.63585	0.76431 0.6215
0	1.0 1.0	0.76431 0.6215	0.76634 0.63585	0.80302 0.62038
0	1.0 1.0	0.80302 0.62038	0.76634 0.63585	0.8001 0.63482
0	1.0 1.0	0.81964 0.63366	0.80302 0.62038	0.8001 0.63482
0	1.0 1.0	0.80302 0.62038	0.81964 0.63366	0.82668 0.61897
0	1.0 1.0	0.80302 0.62038	0.82668 0.61897	0.80445 0.60417
0	1.0 1.0	0.82989 0.58596	0.80445 0.60417	0.82668 0.61897
0	1.0 1.0	0.80227 0.56417	0.80445 0.60417	0.82989 0.58596
0	1.0 1.0	0.80227 0.56417	0.76294 0.58866	0.80445 0.60417
0	1.0 1.0	0.76356 0.56529	0.76294 0.58866	0.80227 0.56417
0	1.0 1.0	0.76519 0.54961	0.73791 0.56478	0.76356 0.56529
0	1.0 1.0	0.744 0.54918	0.73791 0.56478	0.76519 0.54961
0	1.0 1.0	0.73082 0.54802	0.73791 0.56478	0.744 0.54918
0	1.0 1.0	0.72195 0.56337	0.73791 0.56478	0.73082 0.54802
0	1.0 1.0	0.72195 0.56337	0.71768 0.58657	0.73791 0.56478
0	1.0 1.0	0.73504 0.5881	0.73791 0.56478	0.71768 0.58657
0	1.0 1.0	0.73504 0.5881	0.76294 0.58866	0.73791 0.56478
0	1.0 1.0	0.76294 0.58866	0.76356 0.56529	0.73791 0.56478
0	1.0 1.0	0.76519 0.54961	0.76356 0.56529	0.80227 0.56417
0	1.0 1.0	0.76519 0.54961	0.80227 0.56417	0.79895 0.54858
0	1.0 1.0	0.63655 0.63968	0.63656 0.64767	0.69444 0.63968
0	1.0 1.0	0.69444 0.63968	0.63656 0.64767	0.69478 0.76003
0	1.0 1.0	0.62249 0.6664	0.69478 0.76003	0.63656 0.64767
0	1.0 1.0	0.62249 0.6664	0.5573 0.6664	0.69478 0.76003
0	1.0 1.0	0.69478 0.76003	0.5573 0.6664	0.55739 0.76003
0	1.0 1.0	0.87476 0.95387	0.91995 0.90189	0.87476 0.913
0	1.0 1.0	0.91995 0.99462	0.91995 0.90189	0.87476 0.95387
0	1.0 1.0	0.96155 0.8366	0.96155 0.88938	0.99091 0.82945
0	1.0 1.0	0.99091 0.82945	0.96155 0.88938	0.99091 0.89653
0	1.0 1.0	0.99186 0.99142	0.96321 0.9818	0.99186 0.90125
0	1.0 1.0	0.99186 0.90125	0.96321 0.9818	0.96321 0.91086
0	1.0 1.0	0.68047 0.77599	0.5786 0.77599	0.67226 0.78311
0	1.0 1.0	0.67226 0.78311	0.5786 0.77599	0.58681 0.78311
0	1.0 1.0	0.58681 0.78311	0.5786 0.77599	0.58681 0.84464
0	1.0 1.0	0.58681 0.84464	0.5786 0.77599	0.5786 0.85177
0	1.0 1.0	0.68047 0.85177	0.58681 0.84464	0.5786 0.85177
0	1.0 1.0	0.67226 0.84464	0.58681 0.84464	0.68047 0.85177
0	1.0 1.0	0.67226 0.84464	0.68047 0.85177	0.67226 0.78311
0	1.0 1.0	0.67226 0.78311	0.68047 0.85177	0.68047 0.77599
0	1.0 1.0	0.6053 0.8003	0.65197 0.8003	0.60721 0.82816
0	1.0 1.0	0.60721 0.82816	0.65197 0.8003	0.65006 0.82816
0	1.0 1.0	0.65839 0.82813	0.66105 0.80033	0.59888 0.82813
0	1.0 1.0	0.59888 0.82813	0.66105 0.80033	0.59623 0.80033
0	1.0 1.0	0.96321 0.91086	0.99186 0.90125	0.96321 0.9818
0	1.0 1.0	0.96321 0.9818	0.99186 0.90125	0.99186 0.99142
0	1.0 1.0	0.59623 0.80033	0.59888 0.82813	0.66105 0.80033
0	1.0 1.0	0.66105 0.80033	0.59888 0.82813	0.65839 0.82813
0	1.0 1.0	0.96155 0.88938	0.96155 0.8366	0.99091 0.89653
0	1.0 1.0	0.99091 0.89653	0.96155 0.8366	0.99091 0.82945
0	1.0 1.0	0.65197 0.8003	0.6053 0.8003	0.65006 0.82816
0	1.0 1.0	0.65006 0.82816	0.6053 0.8003	0.60721 0.82816
0	1.0 1.0	0.7534 0.79221	0.7534 0.80956	0.75635 0.79221
0	1.0 1.0	0.75635 0.79221	0.7534 0.80956	0.75635 0.80956
0	1.0 1.0	0.75635 0.80956	0.7534 0.80956	0.75635 0.82691
0	1.0 1.0	0.7534 0.82691	0.75635 0.82691	0.7534 0.80956
0	1.0 1.0	0.59084 0.49219	0.58158 0.51091	0.63364 0.49212
0	1.0 1.0	0.63364 0.49212	0.58158 0.51091	0.63386 0.51195
0	1.0 1.0	0.58158 0.51091	0.63364 0.53899	0.63386 0.51195
0	1.0 1.0	0.58135 0.53796	0.63364 0.53899	0.58158 0.51091
0	1.0 1.0	0.75748 0.595	0.73221 0.61085	0.74874 0.61006
0	1.0 1.0	0.73718 0.59376	0.73221 0.61085	0.75748 0.595
0	1.0 1.0	0.70712 0.59412	0.73221 0.61085	0.73718 0.59376
0	1.0 1.0	0.73221 0.61085	0.70712 0.59412	0.70703 0.61195
0	1.0 1.0	0.70703 0.61195	0.70712 0.59412	0.67698 0.61315
0	1.0 1.0	0.6724 0.59606	0.67698 0.61315	0.70712 0.59412
0	1.0 1.0	0.73695 0.8254	0.73903 0.82749	0.74738 0.81497
0	1.0 1.0	0.74947 0.81705	0.74738 0.81497	0.73903 0.82749
0	1.0 1.0	0.74947 0.81705	0.76237 0.80416	0.74738 0.81497
0	1.0 1.0	0.74738 0.81497	0.76237 0.80416	0.76028 0.80207
0	1.0 1.0	0.76028 0.80207	0.76237 0.80416	0.77072 0.79163
0	1.0 1.0	0.7728 0.79372	0.77072 0.79163	0.76237 0.80416
0	1.0 1.0	0.73695 0.79372	0.74738 0.80416	0.73903 0.79163
0	1.0 1.0	0.73903 0.79163	0.74738 0.80416	0.74947 0.80207
0	1.0 1.0	0.74947 0.80207	0.74738 0.80416	0.76237 0.81497
0	1.0 1.0	0.76028 0.81705	0.76237 0.81497	0.74738 0.80416
0	1.0 1.0	0.77072 0.82749	0.76237 0.81497	0.76028 0.81705
0	1.0 1.0	0.76237 0.81497	0.77072 0.82749	0.7728 0.8254
0	1.0 1.0	0.44513 0.35722	0.4447 0.32705	0.41391 0.35648
0	1.0 1.0	0.4135 0.32544	0.41391 0.35648	0.4447 0.32705
0	1.0 1.0	0.4135 0.32544	0.37087 0.3251	0.41391 0.35648
0	1.0 1.0	0.41391 0.35648	0.37087 0.3251	0.37087 0.35683
0	1.0 1.0	0.37087 0.35683	0.37087 0.3251	0.33324 0.35626
0	1.0 1.0	0.33228 0.32486	0.33324 0.35626	0.37087 0.3251
0	1.0 1.0	0.29559 0.32705	0.33324 0.35626	0.33228 0.32486
0	1.0 1.0	0.29632 0.35736	0.33324 0.35626	0.29559 0.32705
0	1.0 1.0	0.16738 0.35205	0.19812 0.35477	0.17074 0.3225
0	1.0 1.0	0.17074 0.3225	0.19812 0.35477	0.20329 0.32346
0	1.0 1.0	0.20329 0.32346	0.19812 0.35477	0.24519 0.32361
0	1.0 1.0	0.23569 0.3539	0.24519 0.32361	0.19812 0.35477
0	1.0 1.0	0.99495 0.50882	0.94323 0.53769	0.99495 0.536
0	1.0 1.0	0.94323 0.51051	0.94323 0.53769	0.99495 0.50882
0	1.0 1.0	0.8915 0.50882	0.94323 0.53769	0.94323 0.51051
0	1.0 1.0	0.8915 0.536	0.94323 0.53769	0.8915 0.50882
0	1.0 1.0	0.89681 0.61759	0.9149 0.61787	0.89234 0.58437
0	1.0 1.0	0.89234 0.58437	0.9149 0.61787	0.91203 0.58467
0	1.0 1.0	0.91203 0.58467	0.9149 0.61787	0.94108 0.58478
0	1.0 1.0	0.91203 0.58467	0.94108 0.58478	0.91483 0.56153
0	1.0 1.0	0.94108 0.58478	0.94153 0.56163	0.91483 0.56153
0	1.0 1.0	0.94245 0.54645	0.91483 0.56153	0.94153 0.56163
0	1.0 1.0	0.9204 0.54636	0.91483 0.56153	0.94245 0.54645
0	1.0 1.0	0.90545 0.54614	0.91483 0.56153	0.9204 0.54636
0	1.0 1.0	0.89673 0.56125	0.91483 0.56153	0.90545 0.54614
0	1.0 1.0	0.78293 0.05369	0.7916 0.05369	0.78302 0.02632
0	1.0 1.0	0.7916 0.05369	0.87752 0.05965	0.78302 0.02632
0	1.0 1.0	0.86201 0.08286	0.87752 0.05965	0.7916 0.05369
0	1.0 1.0	0.91589 0.13675	0.87752 0.05965	0.86201 0.08286
0	1.0 1.0	0.87752 0.05965	0.91589 0.13675	0.93909 0.12124
0	1.0 1.0	0.94504 0.20716	0.93909 0.12124	0.91589 0.13675
0	1.0 1.0	0.97241 0.20172	0.93909 0.12124	0.94504 0.20716
0	1.0 1.0	0.9949 0.19748	0.97241 0.20172	0.97239 0.28882
0	1.0 1.0	0.99488 0.29345	0.9949 0.19748	0.97239 0.28882
0	1.0 1.0	0.99488 0.29345	0.97239 0.28882	0.95814 0.38212
0	1.0 1.0	0.95814 0.38212	0.97239 0.28882	0.93904 0.36929
0	1.0 1.0	0.95814 0.38212	0.93904 0.36929	0.87744 0.43088
0	1.0 1.0	0.89026 0.44998	0.95814 0.38212	0.87744 0.43088
0	1.0 1.0	0.89026 0.44998	0.87744 0.43088	0.80159 0.48671
0	1.0 1.0	0.80159 0.48671	0.87744 0.43088	0.79696 0.46421
0	1.0 1.0	0.79696 0.46421	0.79152 0.43684	0.70986 0.46421
0	1.0 1.0	0.71531 0.43684	0.70986 0.46421	0.79152 0.43684
0	1.0 1.0	0.6449 0.40768	0.70986 0.46421	0.71531 0.43684
0	1.0 1.0	0.62939 0.43088	0.70986 0.46421	0.6449 0.40768
0	1.0 1.0	0.61696 0.44998	0.70986 0.46421	0.62939 0.43088
0	1.0 1.0	0.70562 0.48671	0.70986 0.46421	0.61696 0.44998
0	1.0 1.0	0.70562 0.48671	0.80159 0.48671	0.70986 0.46421
0	1.0 1.0	0.80159 0.48671	0.79696 0.46421	0.70986 0.46421
0	1.0 1.0	0.79696 0.46421	0.87744 0.43088	0.79152 0.43684
0	1.0 1.0	0.79152 0.43684	0.87744 0.43088	0.86194 0.40768
0	1.0 1.0	0.87744 0.43088	0.91584 0.35379	0.86194 0.40768
0	1.0 1.0	0.93904 0.36929	0.91584 0.35379	0.87744 0.43088
0	1.0 1.0	0.97239 0.28882	0.91584 0.35379	0.93904 0.36929
0	1.0 1.0	0.91584 0.35379	0.97239 0.28882	0.94502 0.28337
0	1.0 1.0	0.94502 0.28337	0.97239 0.28882	0.94504 0.20716
0	1.0 1.0	0.97241 0.20172	0.94504 0.20716	0.97239 0.28882
0	1.0 1.0	0.9949 0.19748	0.93909 0.12124	0.97241 0.20172
0	1.0 1.0	0.9582 0.10882	0.93909 0.12124	0.9949 0.19748
0	1.0 1.0	0.9582 0.10882	0.89035 0.04096	0.93909 0.12124
0	1.0 1.0	0.89035 0.04096	0.87752 0.05965	0.93909 0.12124
0	1.0 1.0	0.89035 0.04096	0.80169 0.00423	0.87752 0.05965
0	1.0 1.0	0.80169 0.00423	0.78302 0.02632	0.87752 0.05965
0	1.0 1.0	0.78302 0.02632	0.80169 0.00423	0.7242 0.02632
0	1.0 1.0	0.70572 0.00423	0.7242 0.02632	0.80169 0.00423
0	1.0 1.0	0.7242 0.02632	0.70572 0.00423	0.62947 0.05965
0	1.0 1.0	0.61705 0.04096	0.62947 0.05965	0.70572 0.00423
0	1.0 1.0	0.61705 0.04096	0.62717 0.07301	0.62947 0.05965
0	1.0 1.0	0.61374 0.04281	0.62717 0.07301	0.61705 0.04096
0	1.0 1.0	0.00957 0.93605	0.00486 0.87977	0.00486 0.93321
0	1.0 1.0	0.00957 0.87693	0.00486 0.87977	0.00957 0.93605
0	1.0 1.0	0.00957 0.93181	0.00957 0.88091	0.00486 0.93465
0	1.0 1.0	0.00486 0.93465	0.00957 0.88091	0.00486 0.87833
0	1.0 1.0	0.00486 0.88091	0.00486 0.93181	0.00957 0.87833
0	1.0 1.0	0.00957 0.87833	0.00486 0.93181	0.00957 0.93465
0	1.0 1.0	0.00494 0.93605	0.00949 0.93321	0.00494 0.87693
0	1.0 1.0	0.00494 0.87693	0.00949 0.93321	0.00949 0.87977
0	1.0 1.0	0.00957 0.93605	0.00486 0.87977	0.00486 0.93321
0	1.0 1.0	0.00957 0.87693	0.00486 0.87977	0.00957 0.93605
0	1.0 1.0	0.00957 0.93182	0.00957 0.88092	0.00486 0.93466
0	1.0 1.0	0.00486 0.93466	0.00957 0.88092	0.00486 0.87832
0	1.0 1.0	0.00486 0.88092	0.00486 0.93182	0.00957 0.87832
0	1.0 1.0	0.00957 0.87832	0.00486 0.93182	0.00957 0.93466
0	1.0 1.0	0.0095 0.87693	0.00494 0.87977	0.0095 0.93605
0	1.0 1.0	0.0095 0.93605	0.00494 0.87977	0.00494 0.93321
0	1.0 1.0	0.6638 0.87358	0.63756 0.87358	0.6566 0.89395
0	1.0 1.0	0.6566 0.89395	0.63756 0.87358	0.66644 0.975
0	1.0 1.0	0.66567 0.89392	0.6566 0.89395	0.66644 0.975
0	1.0 1.0	0.36077 0.60602	0.35055 0.63245	0.35935 0.62375
0	1.0 1.0	0.2385 0.5196	0.35055 0.63245	0.36077 0.60602
0	1.0 1.0	0.2385 0.5196	0.36077 0.60602	0.3836 0.58297
0	1.0 1.0	0.2385 0.5196	0.3836 0.58297	0.40295 0.58297
0	1.0 1.0	0.2385 0.5196	0.40295 0.58297	0.31863 0.5196
0	1.0 1.0	0.31863 0.5196	0.40295 0.58297	0.39267 0.55027
0	1.0 1.0	0.39267 0.55027	0.40295 0.58297	0.44933 0.60693
0	1.0 1.0	0.41663 0.59665	0.44933 0.60693	0.40295 0.58297
0	1.0 1.0	0.41663 0.616	0.44933 0.60693	0.41663 0.59665
0	1.0 1.0	0.44933 0.60693	0.41663 0.616	0.44933 0.83514
0	1.0 1.0	0.44933 0.83514	0.41663 0.616	0.39251 0.64012
0	1.0 1.0	0.37549 0.64015	0.44933 0.83514	0.39251 0.64012
0	1.0 1.0	0.44933 0.83514	0.37549 0.64015	0.36686 0.64876
0	1.0 1.0	0.44933 0.83514	0.36686 0.64876	0.35179 0.67799
0	1.0 1.0	0.35055 0.63245	0.35179 0.67799	0.36686 0.64876
0	1.0 1.0	0.35179 0.67799	0.35055 0.63245	0.32616 0.64077
0	1.0 1.0	0.32616 0.64077	0.35055 0.63245	0.2385 0.5196
0	1.0 1.0	0.2385 0.5196	0.27857 0.64203	0.32616 0.64077
0	1.0 1.0	0.27857 0.64203	0.2385 0.5196	0.23905 0.65261
0	1.0 1.0	0.2385 0.5196	0.22781 0.66384	0.23905 0.65261
0	1.0 1.0	0.20919 0.61889	0.22781 0.66384	0.2385 0.5196
0	1.0 1.0	0.15604 0.59687	0.20919 0.61889	0.2385 0.5196
0	1.0 1.0	0.16446 0.55027	0.15604 0.59687	0.2385 0.5196
0	1.0 1.0	0.1078 0.60693	0.15604 0.59687	0.16446 0.55027
0	1.0 1.0	0.10288 0.61889	0.15604 0.59687	0.1078 0.60693
0	1.0 1.0	0.08102 0.21539	0.08025 0.08854	0.05816 0.21543
0	1.0 1.0	0.05816 0.21543	0.08025 0.08854	0.05154 0.00398
0	1.0 1.0	0.05154 0.00398	0.08025 0.08854	0.07999 0.00398
0	1.0 1.0	0.07999 0.00398	0.08025 0.08854	0.09247 0.00442
0	1.0 1.0	0.09247 0.00442	0.08025 0.08854	0.09296 0.08899
0	1.0 1.0	0.65053 0.28819	0.68166 0.26948	0.65053 0.20275
0	1.0 1.0	0.68166 0.26948	0.6891 0.29886	0.70938 0.30643
0	1.0 1.0	0.70938 0.30643	0.6891 0.29886	0.69897 0.30873
0	1.0 1.0	0.70938 0.30643	0.69897 0.30873	0.71095 0.3486
0	1.0 1.0	0.69897 0.30873	0.6891 0.3186	0.71095 0.3486
0	1.0 1.0	0.71095 0.3486	0.6891 0.3186	0.65053 0.28819
0	1.0 1.0	0.65053 0.28819	0.6891 0.3186	0.67923 0.30873
0	1.0 1.0	0.6891 0.29886	0.65053 0.28819	0.67923 0.30873
0	1.0 1.0	0.65053 0.28819	0.6891 0.29886	0.68166 0.26948
0	1.0 1.0	0.65053 0.20275	0.68166 0.26948	0.68208 0.22219
0	1.0 1.0	0.70938 0.18451	0.65053 0.20275	0.68208 0.22219
0	1.0 1.0	0.71095 0.14234	0.65053 0.20275	0.70938 0.18451
0	1.0 1.0	0.71095 0.14234	0.70938 0.18451	0.79639 0.14234
0	1.0 1.0	0.75367 0.17012	0.79639 0.14234	0.70938 0.18451
0	1.0 1.0	0.75367 0.17012	0.79801 0.18479	0.79639 0.14234
0	1.0 1.0	0.82492 0.22313	0.79639 0.14234	0.79801 0.18479
0	1.0 1.0	0.79639 0.14234	0.82492 0.22313	0.8568 0.20275
0	1.0 1.0	0.8568 0.20275	0.82492 0.22313	0.8568 0.28819
0	1.0 1.0	0.82526 0.26914	0.8568 0.28819	0.82492 0.22313
0	1.0 1.0	0.40418 0.4029	0.4086 0.37149	0.36597 0.40007
0	1.0 1.0	0.36597 0.36831	0.36597 0.40007	0.4086 0.37149
0	1.0 1.0	0.32334 0.35979	0.36597 0.40007	0.36597 0.36831
0	1.0 1.0	0.33585 0.39108	0.36597 0.40007	0.32334 0.35979
0	1.0 1.0	0.36342 0.62467	0.37545 0.6367	0.36342 0.60765
0	1.0 1.0	0.39247 0.6367	0.36342 0.60765	0.37545 0.6367
0	1.0 1.0	0.36342 0.60765	0.39247 0.6367	0.38464 0.58644
0	1.0 1.0	0.41368 0.61549	0.38464 0.58644	0.39247 0.6367
0	1.0 1.0	0.38464 0.58644	0.41368 0.61549	0.40165 0.58644
0	1.0 1.0	0.41368 0.59847	0.40165 0.58644	0.41368 0.61549
0	1.0 1.0	0.25944 0.70988	0.27233 0.71447	0.26335 0.70596
0	1.0 1.0	0.27233 0.71447	0.25944 0.70988	0.26995 0.71832
0	1.0 1.0	0.25801 0.71522	0.26995 0.71832	0.25944 0.70988
0	1.0 1.0	0.25657 0.72057	0.26995 0.71832	0.25801 0.71522
0	1.0 1.0	0.26995 0.71832	0.25657 0.72057	0.26999 0.72236
0	1.0 1.0	0.25801 0.72592	0.26999 0.72236	0.25657 0.72057
0	1.0 1.0	0.25944 0.73127	0.26999 0.72236	0.25801 0.72592
0	1.0 1.0	0.26999 0.72236	0.25944 0.73127	0.27214 0.72634
0	1.0 1.0	0.26335 0.73518	0.27214 0.72634	0.25944 0.73127
0	1.0 1.0	0.26727 0.7391	0.27214 0.72634	0.26335 0.73518
0	1.0 1.0	0.27214 0.72634	0.26727 0.7391	0.27609 0.72844
0	1.0 1.0	0.27262 0.74053	0.27609 0.72844	0.26727 0.7391
0	1.0 1.0	0.27796 0.74196	0.27609 0.72844	0.27262 0.74053
0	1.0 1.0	0.27609 0.72844	0.27796 0.74196	0.28011 0.72847
0	1.0 1.0	0.28331 0.74053	0.28011 0.72847	0.27796 0.74196
0	1.0 1.0	0.28866 0.7391	0.28011 0.72847	0.28331 0.74053
0	1.0 1.0	0.28011 0.72847	0.28866 0.7391	0.28395 0.72609
0	1.0 1.0	0.29257 0.73518	0.28395 0.72609	0.28866 0.7391
0	1.0 1.0	0.29649 0.73127	0.28395 0.72609	0.29257 0.73518
0	1.0 1.0	0.28395 0.72609	0.29649 0.73127	0.28601 0.72262
0	1.0 1.0	0.29792 0.72592	0.28601 0.72262	0.29649 0.73127
0	1.0 1.0	0.29935 0.72057	0.28601 0.72262	0.29792 0.72592
0	1.0 1.0	0.28601 0.72262	0.29935 0.72057	0.28587 0.7181
0	1.0 1.0	0.29792 0.71522	0.28587 0.7181	0.29935 0.72057
0	1.0 1.0	0.29649 0.70988	0.28587 0.7181	0.29792 0.71522
0	1.0 1.0	0.28587 0.7181	0.29649 0.70988	0.28389 0.71459
0	1.0 1.0	0.29257 0.70596	0.28389 0.71459	0.29649 0.70988
0	1.0 1.0	0.28866 0.70205	0.28389 0.71459	0.29257 0.70596
0	1.0 1.0	0.28389 0.71459	0.28866 0.70205	0.28035 0.71256
0	1.0 1.0	0.28331 0.70061	0.28035 0.71256	0.28866 0.70205
0	1.0 1.0	0.27796 0.69918	0.28035 0.71256	0.28331 0.70061
0	1.0 1.0	0.28035 0.71256	0.27796 0.69918	0.27582 0.71241
0	1.0 1.0	0.27262 0.70061	0.27582 0.71241	0.27796 0.69918
0	1.0 1.0	0.26727 0.70205	0.27582 0.71241	0.27262 0.70061
0	1.0 1.0	0.27582 0.71241	0.26727 0.70205	0.27233 0.71447
0	1.0 1.0	0.26335 0.70596	0.27233 0.71447	0.26727 0.70205
0	1.0 1.0	0.81368 0.30162	0.79733 0.30677	0.80381 0.31148
0	1.0 1.0	0.79733 0.30677	0.81368 0.30162	0.82526 0.26914
0	1.0 1.0	0.82526 0.26914	0.81368 0.30162	0.8568 0.28819
0	1.0 1.0	0.8568 0.28819	0.81368 0.30162	0.82355 0.31148
0	1.0 1.0	0.82355 0.31148	0.81368 0.32135	0.8568 0.28819
0	1.0 1.0	0.8568 0.28819	0.81368 0.32135	0.79639 0.3486
0	1.0 1.0	0.81368 0.32135	0.80381 0.31148	0.79639 0.3486
0	1.0 1.0	0.79639 0.3486	0.80381 0.31148	0.79733 0.30677
0	1.0 1.0	0.79639 0.3486	0.79733 0.30677	0.71095 0.3486
0	1.0 1.0	0.71095 0.3486	0.79733 0.30677	0.75367 0.32082
0	1.0 1.0	0.70938 0.30643	0.71095 0.3486	0.75367 0.32082
0	1.0 1.0	0.41004 0.99418	0.43873 0.98333	0.4048 0.98211
0	1.0 1.0	0.4048 0.98211	0.43873 0.98333	0.43611 0.96987
0	1.0 1.0	0.47419 0.98333	0.43611 0.96987	0.43873 0.98333
0	1.0 1.0	0.47619 0.97006	0.43611 0.96987	0.47419 0.98333
0	1.0 1.0	0.47619 0.97006	0.47419 0.98333	0.50812 0.98211
0	1.0 1.0	0.50288 0.99418	0.50812 0.98211	0.47419 0.98333
0	1.0 1.0	0.47224 0.96263	0.43525 0.95489	0.43853 0.96791
0	1.0 1.0	0.47224 0.94915	0.43525 0.95489	0.47224 0.96263
0	1.0 1.0	0.47224 0.94915	0.47224 0.96263	0.50979 0.95503
0	1.0 1.0	0.50979 0.95503	0.47224 0.96263	0.50598 0.96791
0	1.0 1.0	0.01379 0.87248	0.00899 0.79578	0.01053 0.8727
0	1.0 1.0	0.01053 0.8727	0.00899 0.79578	0.0072 0.87268
0	1.0 1.0	0.0072 0.87268	0.00899 0.79578	0.00399 0.87254
0	1.0 1.0	0.43877 0.96789	0.47248 0.96266	0.43497 0.955
0	1.0 1.0	0.43497 0.955	0.47248 0.96266	0.47248 0.94917
0	1.0 1.0	0.50622 0.96789	0.47248 0.94917	0.47248 0.96266
0	1.0 1.0	0.47248 0.94917	0.50622 0.96789	0.51007 0.95511
0	1.0 1.0	0.68927 0.22455	0.68927 0.26639	0.71387 0.30025
0	1.0 1.0	0.68927 0.22455	0.71387 0.30025	0.71387 0.19069
0	1.0 1.0	0.71387 0.19069	0.71387 0.30025	0.75367 0.17776
0	1.0 1.0	0.75367 0.17776	0.71387 0.30025	0.79346 0.30025
0	1.0 1.0	0.71387 0.30025	0.75367 0.31318	0.79346 0.30025
0	1.0 1.0	0.40702 0.00518	0.39859 0.00553	0.42058 0.43279
0	1.0 1.0	0.42058 0.43279	0.39859 0.00553	0.39799 0.43375
0	1.0 1.0	0.39015 0.00589	0.39799 0.43375	0.39859 0.00553
0	1.0 1.0	0.37864 0.00602	0.39799 0.43375	0.39015 0.00589
0	1.0 1.0	0.39799 0.43375	0.37864 0.00602	0.36712 0.4341
0	1.0 1.0	0.36712 0.00615	0.36712 0.4341	0.37864 0.00602
0	1.0 1.0	0.3556 0.00602	0.36712 0.4341	0.36712 0.00615
0	1.0 1.0	0.36712 0.4341	0.3556 0.00602	0.33625 0.43375
0	1.0 1.0	0.34408 0.00589	0.33625 0.43375	0.3556 0.00602
0	1.0 1.0	0.33565 0.00553	0.33625 0.43375	0.34408 0.00589
0	1.0 1.0	0.33625 0.43375	0.33565 0.00553	0.31365 0.43279
0	1.0 1.0	0.32722 0.00518	0.31365 0.43279	0.33565 0.00553
0	1.0 1.0	0.35757 0.72103	0.44933 0.83514	0.35179 0.67799
0	1.0 1.0	0.34716 0.75619	0.44933 0.83514	0.35757 0.72103
0	1.0 1.0	0.44933 0.83514	0.34716 0.75619	0.30969 0.77776
0	1.0 1.0	0.27871 0.79195	0.44933 0.83514	0.30969 0.77776
0	1.0 1.0	0.44933 0.83514	0.27871 0.79195	0.1078 0.83514
0	1.0 1.0	0.27871 0.79195	0.23906 0.77949	0.1078 0.83514
0	1.0 1.0	0.21013 0.76051	0.1078 0.83514	0.23906 0.77949
0	1.0 1.0	0.1078 0.83514	0.21013 0.76051	0.20151 0.72839
0	1.0 1.0	0.15604 0.74723	0.1078 0.83514	0.20151 0.72839
0	1.0 1.0	0.15604 0.74723	0.10288 0.72521	0.1078 0.83514
0	1.0 1.0	0.1078 0.83514	0.10288 0.72521	0.07713 0.7611
0	1.0 1.0	0.07713 0.7611	0.10288 0.72521	0.07713 0.68097
0	1.0 1.0	0.07713 0.68097	0.10288 0.72521	0.08086 0.67205
0	1.0 1.0	0.60862 0.18439	0.57246 0.20754	0.60878 0.20722
0	1.0 1.0	0.57246 0.20754	0.60862 0.18439	0.59954 0.14215
0	1.0 1.0	0.69179 0.10125	0.59954 0.14215	0.60862 0.18439
0	1.0 1.0	0.59954 0.14215	0.69179 0.10125	0.64959 0.09211
0	1.0 1.0	0.64959 0.09211	0.69179 0.10125	0.71498 0.06502
0	1.0 1.0	0.69179 0.10125	0.72093 0.06502	0.71498 0.06502
0	1.0 1.0	0.72111 0.10139	0.72093 0.06502	0.69179 0.10125
0	1.0 1.0	0.99493 0.02021	0.85297 0.00505	0.85297 0.02021
0	1.0 1.0	0.99511 0.00489	0.85297 0.00505	0.99493 0.02021
0	1.0 1.0	0.39267 0.8918	0.44933 0.83514	0.31863 0.92247
0	1.0 1.0	0.31863 0.92247	0.44933 0.83514	0.2385 0.92247
0	1.0 1.0	0.2385 0.92247	0.44933 0.83514	0.16446 0.8918
0	1.0 1.0	0.16446 0.8918	0.44933 0.83514	0.1078 0.83514
0	1.0 1.0	0.8213 0.54617	0.81282 0.56138	0.83725 0.54674
0	1.0 1.0	0.83725 0.54674	0.81282 0.56138	0.83214 0.56207
0	1.0 1.0	0.82957 0.58528	0.83214 0.56207	0.81282 0.56138
0	1.0 1.0	0.82957 0.58528	0.85937 0.56232	0.83214 0.56207
0	1.0 1.0	0.83725 0.54674	0.83214 0.56207	0.85937 0.56232
0	1.0 1.0	0.83725 0.54674	0.85937 0.56232	0.85975 0.54695
0	1.0 1.0	0.85975 0.54695	0.85937 0.56232	0.88276 0.54674
0	1.0 1.0	0.88276 0.54674	0.85937 0.56232	0.88722 0.56207
0	1.0 1.0	0.85937 0.56232	0.8895 0.58528	0.88722 0.56207
0	1.0 1.0	0.88722 0.56207	0.8895 0.58528	0.90823 0.56138
0	1.0 1.0	0.90823 0.56138	0.8895 0.58528	0.91236 0.58453
0	1.0 1.0	0.52777 0.49104	0.50912 0.47239	0.53459 0.51651
0	1.0 1.0	0.48365 0.46557	0.53459 0.51651	0.50912 0.47239
0	1.0 1.0	0.48365 0.46557	0.50912 0.56063	0.53459 0.51651
0	1.0 1.0	0.53459 0.51651	0.50912 0.56063	0.52777 0.54198
0	1.0 1.0	0.40477 0.9817	0.40977 0.99387	0.43721 0.97033
0	1.0 1.0	0.43841 0.98348	0.43721 0.97033	0.40977 0.99387
0	1.0 1.0	0.47387 0.98348	0.43721 0.97033	0.43841 0.98348
0	1.0 1.0	0.43721 0.97033	0.47387 0.98348	0.4762 0.97019
0	1.0 1.0	0.4762 0.97019	0.47387 0.98348	0.50814 0.98199
0	1.0 1.0	0.50814 0.98199	0.47387 0.98348	0.50261 0.99387
0	1.0 1.0	0.75367 0.17776	0.79346 0.30025	0.79346 0.19069
0	1.0 1.0	0.79346 0.19069	0.79346 0.30025	0.81806 0.22455
0	1.0 1.0	0.81806 0.22455	0.79346 0.30025	0.81806 0.26639
0	1.0 1.0	0.67738 0.53884	0.67004 0.51198	0.63364 0.53899
0	1.0 1.0	0.63364 0.53899	0.67004 0.51198	0.63386 0.51195
0	1.0 1.0	0.63364 0.49212	0.63386 0.51195	0.67004 0.51198
0	1.0 1.0	0.63364 0.49212	0.67004 0.51198	0.67549 0.49219
0	1.0 1.0	0.67549 0.49219	0.67004 0.51198	0.68413 0.50782
0	1.0 1.0	0.24188 0.7737	0.25567 0.73372	0.21526 0.75705
0	1.0 1.0	0.25567 0.73372	0.24188 0.7737	0.26521 0.74326
0	1.0 1.0	0.26521 0.74326	0.24188 0.7737	0.27824 0.74675
0	1.0 1.0	0.27838 0.78532	0.27824 0.74675	0.24188 0.7737
0	1.0 1.0	0.31316 0.77196	0.27824 0.74675	0.27838 0.78532
0	1.0 1.0	0.29127 0.74326	0.27824 0.74675	0.31316 0.77196
0	1.0 1.0	0.29127 0.74326	0.31316 0.77196	0.30081 0.73372
0	1.0 1.0	0.34526 0.75315	0.30081 0.73372	0.31316 0.77196
0	1.0 1.0	0.35096 0.72069	0.30081 0.73372	0.34526 0.75315
0	1.0 1.0	0.30081 0.73372	0.35096 0.72069	0.3043 0.72069
0	1.0 1.0	0.3043 0.72069	0.35096 0.72069	0.30081 0.70765
0	1.0 1.0	0.30081 0.70765	0.35096 0.72069	0.34122 0.681
0	1.0 1.0	0.3146 0.64601	0.30081 0.70765	0.34122 0.681
0	1.0 1.0	0.30081 0.70765	0.3146 0.64601	0.29127 0.69811
0	1.0 1.0	0.29127 0.69811	0.3146 0.64601	0.27824 0.69462
0	1.0 1.0	0.27824 0.69462	0.3146 0.64601	0.27824 0.64796
0	1.0 1.0	0.24188 0.65771	0.27824 0.69462	0.27824 0.64796
0	1.0 1.0	0.27824 0.69462	0.24188 0.65771	0.26521 0.69811
0	1.0 1.0	0.11118 0.43139	0.13157 0.21952	0.10114 0.21952
0	1.0 1.0	0.13707 0.43139	0.13157 0.21952	0.11118 0.43139
0	1.0 1.0	0.99449 0.76093	0.99449 0.7351	0.85253 0.76093
0	1.0 1.0	0.85253 0.7351	0.85253 0.76093	0.99449 0.7351
0	1.0 1.0	0.96451 0.64263	0.85393 0.73067	0.96451 0.73148
0	1.0 1.0	0.85392 0.64263	0.85393 0.73067	0.96451 0.64263
0	1.0 1.0	0.92647 0.02449	0.92115 0.03868	0.988 0.02449
0	1.0 1.0	0.988 0.02449	0.92115 0.03868	0.99332 0.03868
0	1.0 1.0	0.85253 0.7351	0.85253 0.76093	0.99449 0.7351
0	1.0 1.0	0.99449 0.76093	0.99449 0.7351	0.85253 0.76093
0	1.0 1.0	0.99502 0.00508	0.85318 0.00487	0.99502 0.02023
0	1.0 1.0	0.99502 0.02023	0.85318 0.00487	0.85307 0.02023
0	1.0 1.0	0.72429 0.05369	0.7242 0.02632	0.71539 0.05369
0	1.0 1.0	0.71539 0.05369	0.7242 0.02632	0.64497 0.08286
0	1.0 1.0	0.7242 0.02632	0.62947 0.05965	0.64497 0.08286
0	1.0 1.0	0.62947 0.05965	0.62717 0.07301	0.64497 0.08286
0	1.0 1.0	0.62101 0.09598	0.64497 0.08286	0.62717 0.07301
0	1.0 1.0	0.6042 0.1128	0.64497 0.08286	0.62101 0.09598
0	1.0 1.0	0.64497 0.08286	0.6042 0.1128	0.59107 0.13675
0	1.0 1.0	0.58123 0.11895	0.59107 0.13675	0.6042 0.1128
0	1.0 1.0	0.59107 0.13675	0.58123 0.11895	0.56787 0.12124
0	1.0 1.0	0.58123 0.11895	0.55097 0.10557	0.56787 0.12124
0	1.0 1.0	0.54917 0.10882	0.56787 0.12124	0.55097 0.10557
0	1.0 1.0	0.56787 0.12124	0.54917 0.10882	0.53452 0.21211
0	1.0 1.0	0.51243 0.19748	0.53452 0.21211	0.54917 0.10882
0	1.0 1.0	0.51419 0.28604	0.53452 0.21211	0.51243 0.19748
0	1.0 1.0	0.53452 0.21211	0.51419 0.28604	0 0.64311
0	1.0 1.0	0 0.64311	0.51419 0.28604	0.56089 0.26026
0	1.0 1.0	0.56885 0.36907	0.56089 0.26026	0.51419 0.28604
0	1.0 1.0	0.56089 0.26026	0.56885 0.36907	0.59168 0.35303
0	1.0 1.0	0.59168 0.35303	0.56885 0.36907	0.6449 0.40768
0	1.0 1.0	0.62939 0.43088	0.6449 0.40768	0.56885 0.36907
0	1.0 1.0	0.61696 0.44998	0.62939 0.43088	0.56885 0.36907
0	1.0 1.0	0.54912 0.38212	0.61696 0.44998	0.56885 0.36907
0	1.0 1.0	0.54912 0.38212	0.56885 0.36907	0.51419 0.28604
0	1.0 1.0	0.99498 0.005	0.85311 0.00497	0.99498 0.02013
0	1.0 1.0	0.99498 0.02013	0.85311 0.00497	0.85311 0.02013
0	1.0 1.0	0.99445 0.76093	0.99445 0.7351	0.85258 0.76093
0	1.0 1.0	0.85258 0.7351	0.85258 0.76093	0.99445 0.7351
0	1.0 1.0	0.85392 0.64263	0.85392 0.73148	0.96451 0.64263
0	1.0 1.0	0.96451 0.73148	0.96451 0.64263	0.85392 0.73148
0	1.0 1.0	0.92647 0.02449	0.92115 0.03868	0.988 0.02449
0	1.0 1.0	0.988 0.02449	0.92115 0.03868	0.99332 0.03868
0	1.0 1.0	0.85258 0.7351	0.85258 0.76093	0.99445 0.7351
0	1.0 1.0	0.99445 0.76093	0.99445 0.7351	0.85258 0.76093
0	1.0 1.0	0.99498 0.00497	0.85311 0.005	0.99498 0.02013
0	1.0 1.0	0.99498 0.02013	0.85311 0.005	0.85311 0.02013
0	1.0 1.0	0.00261 0.00476	0.05816 0.21543	0.05154 0.00398
0	1.0 1.0	0.05816 0.21543	0.00261 0.00476	0.01848 0.21605
0	1.0 1.0	0.02706 0.86711	0.0307 0.89549	0.0307 0.86711
0	1.0 1.0	0.02706 0.89549	0.0307 0.89549	0.02706 0.86711
0	1.0 1.0	0.01873 0.8714	0.03879 0.89147	0.02233 0.87113
0	1.0 1.0	0.02233 0.87113	0.03879 0.89147	0.03903 0.88783
0	1.0 1.0	0.01896 0.89147	0.03903 0.8714	0.01873 0.88783
0	1.0 1.0	0.01873 0.88783	0.03903 0.8714	0.03543 0.87113
0	1.0 1.0	0.83618 0.91255	0.92224 0.90141	0.85824 0.90143
0	1.0 1.0	0.87705 0.91254	0.92224 0.90141	0.83618 0.91255
0	1.0 1.0	0.02422 0.88843	0.03601 0.87664	0.02175 0.88755
0	1.0 1.0	0.02175 0.88755	0.03601 0.87664	0.03513 0.87417
0	1.0 1.0	0.02175 0.87664	0.03354 0.88843	0.02263 0.87417
0	1.0 1.0	0.02263 0.87417	0.03354 0.88843	0.03601 0.88755
0	1.0 1.0	0.02422 0.88843	0.03601 0.87664	0.02175 0.88755
0	1.0 1.0	0.02175 0.88755	0.03601 0.87664	0.03513 0.87417
0	1.0 1.0	0.03019 0.87007	0.02757 0.87007	0.03019 0.89253
0	1.0 1.0	0.03019 0.89253	0.02757 0.87007	0.02757 0.89253
0	1.0 1.0	0.02175 0.87664	0.03354 0.88843	0.02263 0.87417
0	1.0 1.0	0.02263 0.87417	0.03354 0.88843	0.03601 0.88755
0	1.0 1.0	0.03401 0.88284	0.02288 0.88154	0.0323 0.88491
0	1.0 1.0	0.02288 0.87884	0.02288 0.88154	0.03401 0.88284
0	1.0 1.0	0.02052 0.88226	0.0218 0.88434	0.02888 0.87827
0	1.0 1.0	0.02888 0.87827	0.0218 0.88434	0.02888 0.88096
0	1.0 1.0	0.03596 0.88434	0.02888 0.87827	0.02888 0.88096
0	1.0 1.0	0.02888 0.87827	0.03596 0.88434	0.03724 0.88226
0	1.0 1.0	0.02502 0.88434	0.03444 0.88096	0.02331 0.88226
0	1.0 1.0	0.02331 0.88226	0.03444 0.88096	0.03444 0.87827
0	1.0 1.0	0.1445 0.21543	0.15203 0.00398	0.12193 0.21543
0	1.0 1.0	0.12192 0.08856	0.12193 0.21543	0.15203 0.00398
0	1.0 1.0	0.11199 0.08856	0.12193 0.21543	0.12192 0.08856
0	1.0 1.0	0.12193 0.21543	0.11199 0.08856	0.112 0.21543
0	1.0 1.0	0.112 0.21543	0.11199 0.08856	0.08748 0.21544
0	1.0 1.0	0.08748 0.21544	0.11199 0.08856	0.08748 0.08857
0	1.0 1.0	0.50256 0.00405	0.45536 0.00322	0.49554 0.23773
0	1.0 1.0	0.49554 0.23773	0.45536 0.00322	0.45536 0.23702
0	1.0 1.0	0.45536 0.00322	0.41518 0.23773	0.45536 0.23702
0	1.0 1.0	0.40817 0.00405	0.41518 0.23773	0.45536 0.00322
0	1.0 1.0	0.03396 0.87873	0.02478 0.88503	0.03396 0.88148
0	1.0 1.0	0.02293 0.88299	0.02478 0.88503	0.03396 0.87873
0	1.0 1.0	0.02052 0.88241	0.02192 0.88445	0.02888 0.87815
0	1.0 1.0	0.02888 0.87815	0.02192 0.88445	0.02888 0.8809
0	1.0 1.0	0.03584 0.88445	0.02888 0.87815	0.02888 0.8809
0	1.0 1.0	0.02888 0.87815	0.03584 0.88445	0.03724 0.88241
0	1.0 1.0	0.02521 0.88445	0.03439 0.8809	0.02336 0.88241
0	1.0 1.0	0.02336 0.88241	0.03439 0.8809	0.03439 0.87815
0	1.0 1.0	0.02327 0.52255	0.01117 0.51035	0.01681 0.52899
0	1.0 1.0	0.0046 0.51678	0.01681 0.52899	0.01117 0.51035
0	1.0 1.0	0.07145 0.50027	0.03102 0.50027	0.05124 0.50864
0	1.0 1.0	0.05124 0.45146	0.03102 0.50027	0.07145 0.50027
0	1.0 1.0	0.03102 0.45983	0.03102 0.50027	0.05124 0.45146
0	1.0 1.0	0.02264 0.48005	0.03102 0.50027	0.03102 0.45983
0	1.0 1.0	0.10057 0.13086	0.11713 0.13085	0.10065 0.00399
0	1.0 1.0	0.10065 0.00399	0.11713 0.13085	0.11709 0.00398
0	1.0 1.0	0.12187 0.00398	0.12192 0.08856	0.15203 0.00398
0	1.0 1.0	0.9017 0.87336	0.93313 0.90479	0.93724 0.88533
0	1.0 1.0	0.93724 0.88533	0.93313 0.90479	0.95073 0.9179
0	1.0 1.0	0.95073 0.9179	0.93313 0.90479	0.93724 0.95047
0	1.0 1.0	0.93724 0.95047	0.93313 0.90479	0.93313 0.95202
0	1.0 1.0	0.03026 0.97443	0.0877 0.96516	0.03026 0.96747
0	1.0 1.0	0.0877 0.96516	0.03026 0.97443	0.0877 0.97212
0	1.0 1.0	0.0877 0.97212	0.03026 0.97443	0.0877 0.99543
0	1.0 1.0	0.0877 0.99543	0.03026 0.97443	0.04066 0.9957
0	1.0 1.0	0.87231 0.87583	0.82339 0.87498	0.87239 0.88374
0	1.0 1.0	0.82339 0.87498	0.82347 0.88289	0.87239 0.88374
0	1.0 1.0	0.81503 0.90204	0.87239 0.88374	0.82347 0.88289
0	1.0 1.0	0.85978 0.90265	0.87239 0.88374	0.81503 0.90204
0	1.0 1.0	0.00694 0.97338	0.02312 0.96341	0.00578 0.96626
0	1.0 1.0	0.02428 0.97053	0.02312 0.96341	0.00694 0.97338
0	1.0 1.0	0.02428 0.97053	0.00694 0.97338	0.02255 0.99364
0	1.0 1.0	0.0163 0.99461	0.02255 0.99364	0.00694 0.97338
0	1.0 1.0	0.01514 0.88967	0.04262 0.87293	0.03124 0.87381
0	1.0 1.0	0.51009 0.56632	0.48891 0.5804	0.52667 0.67151
0	1.0 1.0	0.55169 0.66671	0.51009 0.56632	0.52667 0.67151
0	1.0 1.0	0.55169 0.66671	0.52667 0.67151	0.55171 0.77536
0	1.0 1.0	0.52667 0.67151	0.52669 0.77012	0.55171 0.77536
0	1.0 1.0	0.4957 0.76396	0.48897 0.86124	0.52669 0.77012
0	1.0 1.0	0.46269 0.84368	0.48897 0.86124	0.4957 0.76396
0	1.0 1.0	0.40169 0.9047	0.48897 0.86124	0.46269 0.84368
0	1.0 1.0	0.40169 0.9047	0.41925 0.93097	0.48897 0.86124
0	1.0 1.0	0.41925 0.93097	0.32814 0.96871	0.43333 0.95259
0	1.0 1.0	0.33295 0.99417	0.43333 0.95259	0.32814 0.96871
0	1.0 1.0	0.33295 0.99417	0.32814 0.96871	0.22429 0.99417
0	1.0 1.0	0.32814 0.96871	0.22953 0.96871	0.22429 0.99417
0	1.0 1.0	0.23568 0.93772	0.13841 0.93097	0.22953 0.96871
0	1.0 1.0	0.15595 0.9047	0.13841 0.93097	0.23568 0.93772
0	1.0 1.0	0.09493 0.84368	0.13841 0.93097	0.15595 0.9047
0	1.0 1.0	0.09493 0.84368	0.06866 0.86124	0.13841 0.93097
0	1.0 1.0	0.04705 0.87575	0.06866 0.86124	0.0309 0.77012
0	1.0 1.0	0.00544 0.77536	0.04705 0.87575	0.0309 0.77012
0	1.0 1.0	0.00544 0.77536	0.0309 0.77012	0.00542 0.66671
0	1.0 1.0	0.0309 0.77012	0.03088 0.67151	0.00542 0.66671
0	1.0 1.0	0.06187 0.67767	0.06861 0.5804	0.03088 0.67151
0	1.0 1.0	0.09488 0.59795	0.06861 0.5804	0.06187 0.67767
0	1.0 1.0	0.15588 0.53693	0.06861 0.5804	0.09488 0.59795
0	1.0 1.0	0.15588 0.53693	0.13833 0.51066	0.06861 0.5804
0	1.0 1.0	0.13833 0.51066	0.22943 0.47292	0.1238 0.48948
0	1.0 1.0	0.1238 0.48948	0.22943 0.47292	0.22418 0.4479
0	1.0 1.0	0.22418 0.4479	0.22943 0.47292	0.32805 0.47292
0	1.0 1.0	0.32189 0.50391	0.32805 0.47292	0.22943 0.47292
0	1.0 1.0	0.32189 0.50391	0.22943 0.47292	0.2356 0.50391
0	1.0 1.0	0.15588 0.53693	0.2356 0.50391	0.22943 0.47292
0	1.0 1.0	0.15588 0.53693	0.22943 0.47292	0.13833 0.51066
0	1.0 1.0	0.1238 0.48948	0.06861 0.5804	0.13833 0.51066
0	1.0 1.0	0.04699 0.56632	0.06861 0.5804	0.1238 0.48948
0	1.0 1.0	0.04699 0.56632	0.00542 0.66671	0.06861 0.5804
0	1.0 1.0	0.03088 0.67151	0.06861 0.5804	0.00542 0.66671
0	1.0 1.0	0.06187 0.67767	0.03088 0.67151	0.0309 0.77012
0	1.0 1.0	0.06187 0.67767	0.0309 0.77012	0.06189 0.76396
0	1.0 1.0	0.06189 0.76396	0.0309 0.77012	0.09493 0.84368
0	1.0 1.0	0.09493 0.84368	0.0309 0.77012	0.06866 0.86124
0	1.0 1.0	0.06866 0.86124	0.04705 0.87575	0.13841 0.93097
0	1.0 1.0	0.12389 0.95259	0.13841 0.93097	0.04705 0.87575
0	1.0 1.0	0.12389 0.95259	0.22429 0.99417	0.13841 0.93097
0	1.0 1.0	0.22953 0.96871	0.13841 0.93097	0.22429 0.99417
0	1.0 1.0	0.23568 0.93772	0.22953 0.96871	0.32814 0.96871
0	1.0 1.0	0.23568 0.93772	0.32814 0.96871	0.32197 0.93772
0	1.0 1.0	0.32197 0.93772	0.32814 0.96871	0.40169 0.9047
0	1.0 1.0	0.40169 0.9047	0.32814 0.96871	0.41925 0.93097
0	1.0 1.0	0.48897 0.86124	0.41925 0.93097	0.43333 0.95259
0	1.0 1.0	0.51015 0.87575	0.48897 0.86124	0.43333 0.95259
0	1.0 1.0	0.51015 0.87575	0.55171 0.77536	0.48897 0.86124
0	1.0 1.0	0.52669 0.77012	0.48897 0.86124	0.55171 0.77536
0	1.0 1.0	0.4957 0.76396	0.52669 0.77012	0.52667 0.67151
0	1.0 1.0	0.4957 0.76396	0.52667 0.67151	0.49568 0.67767
0	1.0 1.0	0.49568 0.67767	0.52667 0.67151	0.46265 0.59795
0	1.0 1.0	0.46265 0.59795	0.52667 0.67151	0.48891 0.5804
0	1.0 1.0	0.48891 0.5804	0.47379 0.58237	0.46265 0.59795
0	1.0 1.0	0.4455 0.57479	0.46265 0.59795	0.47379 0.58237
0	1.0 1.0	0.4455 0.57479	0.42478 0.55408	0.46265 0.59795
0	1.0 1.0	0.46265 0.59795	0.42478 0.55408	0.40162 0.53693
0	1.0 1.0	0.41719 0.52578	0.40162 0.53693	0.42478 0.55408
0	1.0 1.0	0.40162 0.53693	0.41719 0.52578	0.41917 0.51066
0	1.0 1.0	0.41719 0.52578	0.43302 0.4893	0.41917 0.51066
0	1.0 1.0	0.13446 0.9957	0.14486 0.97443	0.0877 0.99543
0	1.0 1.0	0.14486 0.97443	0.0877 0.97212	0.0877 0.99543
0	1.0 1.0	0.0877 0.96516	0.0877 0.97212	0.14486 0.97443
0	1.0 1.0	0.14486 0.96747	0.0877 0.96516	0.14486 0.97443
0	1.0 1.0	0.50912 0.56063	0.44839 0.57033	0.47386 0.57716
0	1.0 1.0	0.44839 0.57033	0.50912 0.56063	0.43953 0.49104
0	1.0 1.0	0.43953 0.49104	0.50912 0.56063	0.48365 0.46557
0	1.0 1.0	0.45818 0.47239	0.43953 0.49104	0.48365 0.46557
0	1.0 1.0	0.78692 0.53586	0.83865 0.53755	0.78692 0.50868
0	1.0 1.0	0.78692 0.50868	0.83865 0.53755	0.83865 0.51037
0	1.0 1.0	0.83865 0.51037	0.83865 0.53755	0.89038 0.50868
0	1.0 1.0	0.89038 0.50868	0.83865 0.53755	0.89038 0.53586
0	1.0 1.0	0.05124 0.45146	0.07145 0.50027	0.07145 0.45983
0	1.0 1.0	0.07983 0.48005	0.07145 0.45983	0.07145 0.50027
0	1.0 1.0	0.40162 0.53693	0.41917 0.51066	0.32189 0.50391
0	1.0 1.0	0.32189 0.50391	0.41917 0.51066	0.32805 0.47292
0	1.0 1.0	0.33284 0.4479	0.32805 0.47292	0.41917 0.51066
0	1.0 1.0	0.33284 0.4479	0.41917 0.51066	0.43324 0.48948
0	1.0 1.0	0.9965 0.63816	0.96951 0.63853	0.96946 0.65529
0	1.0 1.0	0.65029 0.61227	0.60932 0.63314	0.64968 0.63544
0	1.0 1.0	0.61227 0.61005	0.60932 0.63314	0.65029 0.61227
0	1.0 1.0	0.61227 0.61005	0.65029 0.61227	0.61671 0.59304
0	1.0 1.0	0.64967 0.59437	0.61671 0.59304	0.65029 0.61227
0	1.0 1.0	0.64967 0.59437	0.65029 0.61227	0.67153 0.59612
0	1.0 1.0	0.67153 0.59612	0.65029 0.61227	0.6766 0.61314
0	1.0 1.0	0.65029 0.61227	0.67846 0.63622	0.6766 0.61314
0	1.0 1.0	0.67846 0.63622	0.65029 0.61227	0.64968 0.63544
0	1.0 1.0	0.17008 0.00442	0.21026 0.23893	0.21727 0.00524
0	1.0 1.0	0.17008 0.23822	0.21026 0.23893	0.17008 0.00442
0	1.0 1.0	0.17008 0.23822	0.17008 0.00442	0.1299 0.23893
0	1.0 1.0	0.12288 0.00524	0.1299 0.23893	0.17008 0.00442
0	1.0 1.0	0.46693 0.42029	0.42416 0.38984	0.42859 0.42127
0	1.0 1.0	0.42416 0.38984	0.46693 0.42029	0.46693 0.38853
0	1.0 1.0	0.46693 0.38853	0.46693 0.42029	0.50798 0.3881
0	1.0 1.0	0.49662 0.41953	0.50798 0.3881	0.46693 0.42029
0	1.0 1.0	0.01222 0.45789	0.02867 0.45837	0.02811 0.442
0	1.0 1.0	0.01222 0.45789	0.01932 0.48095	0.02867 0.45837
0	1.0 1.0	0.0064 0.4796	0.01932 0.48095	0.01222 0.45789
0	1.0 1.0	0.01222 0.50131	0.01932 0.48095	0.0064 0.4796
0	1.0 1.0	0.01932 0.48095	0.01222 0.50131	0.02867 0.50353
0	1.0 1.0	0.02811 0.51721	0.02867 0.50353	0.01222 0.50131
0	1.0 1.0	0.05817 0.53129	0.02867 0.50353	0.02811 0.51721
0	1.0 1.0	0.05817 0.53129	0.05124 0.51288	0.02867 0.50353
0	1.0 1.0	0.07988 0.52548	0.05124 0.51288	0.05817 0.53129
0	1.0 1.0	0.05124 0.51288	0.07988 0.52548	0.07382 0.50353
0	1.0 1.0	0.09577 0.50958	0.07382 0.50353	0.07988 0.52548
0	1.0 1.0	0.09577 0.50958	0.08317 0.48095	0.07382 0.50353
0	1.0 1.0	0.10159 0.48787	0.08317 0.48095	0.09577 0.50958
0	1.0 1.0	0.08743 0.45789	0.08317 0.48095	0.10159 0.48787
0	1.0 1.0	0.08317 0.48095	0.08743 0.45789	0.07382 0.45837
0	1.0 1.0	0.07153 0.442	0.07382 0.45837	0.08743 0.45789
0	1.0 1.0	0.07153 0.442	0.05124 0.44902	0.07382 0.45837
0	1.0 1.0	0.04982 0.43618	0.05124 0.44902	0.07153 0.442
0	1.0 1.0	0.02811 0.442	0.05124 0.44902	0.04982 0.43618
0	1.0 1.0	0.05124 0.44902	0.02811 0.442	0.02867 0.45837
0	1.0 1.0	0.7306 0.51043	0.73128 0.49144	0.71542 0.50903
0	1.0 1.0	0.69262 0.49127	0.71542 0.50903	0.73128 0.49144
0	1.0 1.0	0.68569 0.50784	0.71542 0.50903	0.69262 0.49127
0	1.0 1.0	0.90089 0.49017	0.8915 0.50882	0.94323 0.49082
0	1.0 1.0	0.94323 0.49082	0.8915 0.50882	0.94323 0.51051
0	1.0 1.0	0.94323 0.49082	0.94323 0.51051	0.99495 0.50882
0	1.0 1.0	0.94323 0.49082	0.99495 0.50882	0.98557 0.49017
0	1.0 1.0	0.49257 0.00598	0.50952 0.43372	0.50289 0.00586
0	1.0 1.0	0.50952 0.43372	0.49257 0.00598	0.48184 0.43405
0	1.0 1.0	0.48224 0.0061	0.48184 0.43405	0.49257 0.00598
0	1.0 1.0	0.47031 0.00598	0.48184 0.43405	0.48224 0.0061
0	1.0 1.0	0.48184 0.43405	0.47031 0.00598	0.44988 0.43372
0	1.0 1.0	0.45839 0.00586	0.44988 0.43372	0.47031 0.00598
0	1.0 1.0	0.44807 0.00552	0.44988 0.43372	0.45839 0.00586
0	1.0 1.0	0.44988 0.43372	0.44807 0.00552	0.42222 0.43281
0	1.0 1.0	0.43774 0.00518	0.42222 0.43281	0.44807 0.00552
0	1.0 1.0	0.73964 0.25447	0.73964 0.25153	0 0.64062
0	1.0 1.0	0.29221 0.00529	0.31156 0.43305	0.30373 0.00518
0	1.0 1.0	0.31156 0.43305	0.29221 0.00529	0.2807 0.43336
0	1.0 1.0	0.2807 0.0054	0.2807 0.43336	0.29221 0.00529
0	1.0 1.0	0.26918 0.00529	0.2807 0.43336	0.2807 0.0054
0	1.0 1.0	0.2807 0.43336	0.26918 0.00529	0.24983 0.43305
0	1.0 1.0	0.25766 0.00518	0.24983 0.43305	0.26918 0.00529
0	1.0 1.0	0.20528 0.622	0.15597 0.60157	0.2257 0.67131
0	1.0 1.0	0.15597 0.60157	0.10666 0.72062	0.2257 0.67131
0	1.0 1.0	0.10666 0.622	0.10666 0.72062	0.15597 0.60157
0	1.0 1.0	0.10666 0.72062	0.10666 0.622	0.08623 0.67131
0	1.0 1.0	0.36045 0.00428	0.40062 0.23879	0.40764 0.00511
0	1.0 1.0	0.36045 0.23809	0.40062 0.23879	0.36045 0.00428
0	1.0 1.0	0.36045 0.23809	0.36045 0.00428	0.32027 0.23879
0	1.0 1.0	0.31325 0.00511	0.32027 0.23879	0.36045 0.00428
0	1.0 1.0	0.79631 0.49003	0.78692 0.50868	0.83865 0.49068
0	1.0 1.0	0.83865 0.49068	0.78692 0.50868	0.83865 0.51037
0	1.0 1.0	0.83865 0.49068	0.83865 0.51037	0.89038 0.50868
0	1.0 1.0	0.83865 0.49068	0.89038 0.50868	0.88099 0.49003
0	1.0 1.0	0.31192 0.00511	0.26473 0.00428	0.30491 0.23879
0	1.0 1.0	0.30491 0.23879	0.26473 0.00428	0.26473 0.23809
0	1.0 1.0	0.26473 0.00428	0.22455 0.23879	0.26473 0.23809
0	1.0 1.0	0.21754 0.00511	0.22455 0.23879	0.26473 0.00428
0	1.0 1.0	0.44839 0.57033	0.43953 0.49104	0.42974 0.55169
0	1.0 1.0	0.42974 0.55169	0.43953 0.49104	0.42291 0.52621
0	1.0 1.0	0.01376 0.87252	0.00879 0.79578	0.01055 0.87265
0	1.0 1.0	0.01055 0.87265	0.00879 0.79578	0.00724 0.87269
0	1.0 1.0	0.00724 0.87269	0.00879 0.79578	0.00401 0.87249
0	1.0 1.0	0.2257 0.67131	0.10666 0.72062	0.20528 0.72062
0	1.0 1.0	0.20528 0.72062	0.10666 0.72062	0.15597 0.74105
0	1.0 1.0	0.17622 0.00518	0.16069 0.43281	0.18654 0.00552
0	1.0 1.0	0.18836 0.43372	0.18654 0.00552	0.16069 0.43281
0	1.0 1.0	0.18654 0.00552	0.18836 0.43372	0.19686 0.00586
0	1.0 1.0	0.19686 0.00586	0.18836 0.43372	0.20879 0.00598
0	1.0 1.0	0.22031 0.43405	0.20879 0.00598	0.18836 0.43372
0	1.0 1.0	0.20879 0.00598	0.22031 0.43405	0.22071 0.0061
0	1.0 1.0	0.22071 0.0061	0.22031 0.43405	0.23104 0.00598
0	1.0 1.0	0.248 0.43372	0.23104 0.00598	0.22031 0.43405
0	1.0 1.0	0.23104 0.00598	0.248 0.43372	0.24137 0.00586
0	1.0 1.0	0.01366 0.87256	0.00899 0.79578	0.0108 0.87269
0	1.0 1.0	0.0108 0.87269	0.00899 0.79578	0.00706 0.87271
0	1.0 1.0	0.00706 0.87271	0.00899 0.79578	0.00412 0.87251
0	1.0 1.0	0.78454 0.06475	0.78447 0.10116	0.79079 0.06475
0	1.0 1.0	0.78447 0.10116	0.81389 0.10101	0.79079 0.06475
0	1.0 1.0	0.79079 0.06475	0.81389 0.10101	0.85618 0.09184
0	1.0 1.0	0.81389 0.10101	0.86362 0.133	0.85618 0.09184
0	1.0 1.0	0.81389 0.10101	0.8516 0.13832	0.86362 0.133
0	1.0 1.0	0.01364 0.87252	0.00879 0.79578	0.01073 0.87271
0	1.0 1.0	0.01073 0.87271	0.00879 0.79578	0.007 0.87267
0	1.0 1.0	0.007 0.87267	0.00879 0.79578	0.00414 0.87254
0	1.0 1.0	0.85618 0.09184	0.86362 0.133	0.90623 0.14189
0	1.0 1.0	0.90623 0.14189	0.86362 0.133	0.91058 0.15245
0	1.0 1.0	0.44933 0.60693	0.44933 0.83514	0.48 0.68097
0	1.0 1.0	0.48 0.7611	0.48 0.68097	0.44933 0.83514
0	1.0 1.0	0.59107 0.13675	0.56787 0.12124	0.53452 0.21211
0	1.0 1.0	0.59107 0.13675	0.53452 0.21211	0.56189 0.20716
0	1.0 1.0	0.56188 0.21194	0.56189 0.20716	0.53452 0.21211
0	1.0 1.0	0.33284 0.4479	0.22418 0.4479	0.32805 0.47292

NAMES 1
grs_main.png

NORMALS
0.33709 -0.47531 -0.81268
0 -1 0
0 -1 0
-0.20593 -0.58085 -0.78753
-0.78734 -0.58105 -0.2061
0 -1 0
0 -1 0
-0.81354 -0.33518 0.4752
-0.38634 -0.43178 0.81505
0 -1 0
0 -1 0
0.47577 -0.33514 0.81322
0.8132 -0.47507 0.33617
0 -1 0
0 -1 0
0.70196 -0.58152 -0.4112
0.1829 -0.1829 -0.96597
0.40963 -0.28053 -0.86805
0.39302 0.40562 -0.82523
-0.2068 -0.20551 -0.95656
-0.20971 -0.73258 -0.64757
-0.66143 -0.73011 -0.1716
0.82072 -0.34026 -0.45895
0.45653 -0.34081 -0.82184
-0.05281 0.70711 -0.70513
0.52889 0.25931 -0.80811
-0.05281 -0.70711 -0.70513
0.34704 -0.65161 -0.67451
0.15455 -0.5177 -0.84149
0.2026 -0.12282 -0.97153
-0.0081 -0.73621 -0.6767
-0.01921 -0.36511 -0.93077
0.3343 -0.58564 -0.73842
0.6644 0.24976 -0.70441
0.39221 0.61782 -0.68152
-0.18747 0.56261 -0.80519
0.43073 0.60003 -0.67412
-0.37628 0.63514 -0.67454
-0.96597 -0.1829 -0.1829
-0.9562 -0.2054 0.20856
-0.77729 -0.46659 0.42204
-0.97685 0.00234 0.21393
-0.83457 0.52087 -0.1794
-0.65877 0.66229 0.35693
-0.26343 0.75164 0.60468
-0.45115 -0.4615 0.76386
-0.67057 -0.41111 -0.61751
-0.87197 -0.27468 -0.40523
-0.82444 0.40692 -0.39333
-0.13565 -0.8418 0.52247
-0.11818 -0.40506 0.90662
-0.71422 -0.5092 0.48021
-0.8354 -0.52026 -0.17729
0.00236 -0.77763 -0.62872
0.45706 -0.36066 -0.81303
0.00572 -0.34949 -0.93692
0.19175 -0.9236 -0.33196
0.45394 -0.83225 -0.31826
0.75005 -0.40366 -0.5239
0.51838 -0.28059 -0.80781
0.53316 0.02244 -0.84571
0.77362 0.28997 -0.56341
0.46282 0.37651 -0.80252
0.75938 0.37679 -0.53045
0.3525 0.90258 -0.24717
0.31827 0.77147 -0.55095
0.00179 0.8791 -0.47664
0.00566 0.37828 -0.92567
0.00288 0.03173 -0.99949
-0.46848 -0.34946 -0.81143
-0.18858 -0.92613 -0.32667
-0.88419 0.33587 0.32464
-0.93426 -0.19224 0.30033
-0.46478 -0.12303 0.87683
0.00026 -1 -0.00041
0 -1 0
0 -1 0
0 -1 0
0.32487 -0.54697 0.77154
0 -1 0
0 -1 0
0 -1 0
0.76351 -0.46683 0.44623
-0.00001 -1 0
0.53803 -0.61699 0.57432
0.47646 -0.73532 0.48197
0.87946 -0.47597 0
-0.00003 -1 0
-0.33079 0.94197 -0.05724
0.38931 0.63079 -0.67123
0.67121 0.63079 -0.38933
-0.41855 0.89176 0.17197
0.77571 0.63109 0
-0.18259 0.96412 0.19269
0.59057 0.73141 0.34097
0.55609 0.7791 0.28943
0.04696 0.43653 0.89847
-0.26923 0.7103 -0.65038
-0.90684 0.19165 -0.37539
-0.23698 0.78632 -0.57057
-0.65201 0.70831 -0.27052
-0.73449 0.60675 0.30393
-0.49456 0.84461 0.20505
-0.2571 0.53653 0.80377
-0.26217 0.72968 0.63154
-0.32905 0.34737 0.8781
-0.3246 -0.33267 0.88542
0.34243 0.34823 0.87263
0.33595 -0.33085 0.88186
-0.11474 0.40669 0.90633
0.11899 0.00122 0.99289
0.57206 0.58779 0.57206
0.70711 0 0.70711
0.57206 -0.58779 0.57206
-0.68406 0.37164 -0.62765
-0.47983 0.73452 -0.47984
-0.48594 0.87399 0
-0.39899 0.8256 -0.39899
-0.47012 -0.83984 -0.2714
-0.93695 -0.34946 0
-0.47553 -0.8797 0
-0.47015 -0.83981 0.27143
-0.79698 -0.33059 0.50551
-0.88311 0.04259 0.46723
-0.99951 0.03119 0
-0.9257 0.37826 0
-0.8656 0.03119 -0.49976
-0.81142 -0.34946 -0.46848
0.30323 -0.42335 0.85371
0.81444 -0.216 0.53854
0.38843 -0.35998 0.84825
0.53889 0.21878 0.81347
0.84596 0.3673 0.38656
0.6662 -0.70711 -0.23701
0.6662 0.70711 -0.23701
0.84825 -0.35998 0.38843
-0.23701 0.70711 0.6662
-0.23701 -0.70711 0.6662
0.38172 0.36572 0.84885
0.85099 0.42675 0.30611
0.6662 -0.70711 -0.23701
0.6662 0.70711 -0.23701
0.18846 -0.92623 0.32646
-0.04448 -0.84542 0.53224
0.26615 -0.84458 0.46459
-0.02522 -0.93211 0.3613
-0.51023 -0.56453 0.64883
-0.27589 -0.8774 0.3925
-0.92059 0.0228 0.38987
-0.52911 0.3477 0.77405
-0.05245 0.75057 0.6587
-0.07277 0.37776 0.92304
-0.05993 0.6931 0.71835
0.46285 0.37825 0.80168
0.18826 0.92641 0.32608
0.54236 0.77961 0.31313
0.80168 0.37825 0.46285
0.61193 0.70752 0.3535
0.31023 0.78443 0.53705
-0.15281 0.96404 0.21741
0.89923 -0.14446 0.41293
0.69865 -0.58844 0.40697
0.70194 -0.58157 -0.41118
0.82073 0.34025 -0.45895
-0.3246 0.33267 0.88542
-0.3246 -0.33267 0.88542
0.3246 0.33267 0.88542
0.43009 -0.43104 0.79324
-0.43009 -0.43104 0.79324
-0.43009 0.43103 0.79324
0.3246 -0.33267 0.88542
0.43009 0.43104 0.79324
0.7016 -0.70313 -0.11562
0.7016 0.70313 -0.11562
-0.7016 -0.70313 -0.11562
-0.7016 0.70313 -0.11562
-0.57206 0.58779 -0.57206
-0.70711 0 -0.70711
-0.57206 -0.58779 -0.57206
0.16579 0.97212 0.16579
0.6666 0.3336 0.6666
0 0.74823 0.66344
-0.00291 0.33398 0.94257
-0.00244 0.47924 0.87768
0.29646 0.90785 0.29651
0.46999 -0.83993 0.27133
0.40517 -0.88418 0.23254
0.55088 -0.82541 -0.12337
0.46913 -0.88204 -0.04374
0.21851 0.95106 0.21851
-0.21851 0.95106 -0.21851
-0.21851 -0.95106 -0.21851
0.21851 -0.95106 0.21851
-0.3003 0.79916 -0.52073
-0.39398 0.61714 -0.68112
-0.68093 0.61808 -0.39282
-0.68236 0.61578 -0.39395
-0.78684 0.61715 -0.00062
-0.78599 0.61824 -0.00083
-0.84212 0.23811 0.48388
-0.68259 0.61564 0.39378
-0.39473 0.61679 0.681
-0.39532 0.618 0.67956
0.25155 0.80317 0.54003
0.84055 0.24004 0.48564
0.39338 0.61741 0.68121
0.3932 0.61761 0.68114
0.96528 0.26122 -0.00003
0.94271 0.3336 0
0.6666 0.3336 -0.6666
0.62189 0.476 -0.62184
-0.49976 0.03119 -0.8656
-0.46285 0.37826 -0.80168
-0.23749 0.87999 -0.41135
-0.63071 0.68528 -0.36414
-0.80168 0.37825 -0.46285
0 -1 0
0 -1 0
0.03935 -0.96772 -0.24895
0.10816 -0.97542 -0.192
0 -1 0
0 -1 0
0.25749 -0.95084 -0.17205
0 -1 0
0.26587 -0.96256 -0.05288
0.98079 0 -0.19509
0.26587 -0.96256 0.05288
0.98079 0 0.19509
0.83147 0 0.55557
0.22539 -0.96256 0.1506
0.1506 -0.96256 0.22539
0.55557 0 0.83147
0.19509 0 0.98079
0.05288 -0.96256 0.26587
0 -1 0
-0.05288 -0.96256 0.26587
0 -1 0
0 -1 0
-0.1506 -0.96256 0.22539
-0.55557 0 0.83147
-0.19509 0 0.98079
0 -1 0
0 -1 0
0 -1 0
0.83147 0 -0.55557
0.56391 0.22658 -0.79415
0.15139 -0.24132 -0.95856
-0.02617 -0.96583 -0.25786
-0.24867 -0.01384 -0.96849
-0.22017 -0.95149 -0.21492
-0.73134 -0.48226 -0.48226
-0.73134 -0.48225 0.48225
-0.7143 0.5032 0.48638
-0.7143 0.5032 -0.48638
0.48226 -0.48226 -0.73134
-0.48226 -0.48226 -0.73134
-0.48607 0.50165 -0.7156
-0.32439 0.3348 -0.88469
0.48607 0.50165 -0.7156
-0.83786 0.31462 -0.4461
-0.2959 -0.20139 -0.93375
0.71826 0.61794 -0.31977
0.49224 0.87046 -0.00079
0.79991 0.4708 -0.37214
0.00017 1 -0.00009
0.26741 0.71934 -0.64113
-0.00087 0.99999 -0.00306
-0.00355 0.99998 -0.00479
-0.00361 0.99999 -0.00214
0.00013 1 0.00021
-0.3358 0.4757 0.81299
0.00168 0.90389 0.42775
-0.00012 0.24011 -0.97075
-0.00002 0.73454 -0.67857
-0.00003 1 0.00004
-0.00006 1 0.00011
0.9461 0.32327 -0.02004
0.6632 0.72638 -0.18037
0.81292 0.47517 0.33672
0.41249 0.58059 0.70198
0.002 0.28054 0.95984
0 -1 0
-0.41113 -0.90753 0.08579
0 -1 0
0 -0.89947 -0.43698
-0.28948 -0.8682 0.40302
0.33465 -0.94234 0
0 -1 0
0 -0.85924 0.51157
-0.43698 -0.89947 0
-0.47661 -0.865 -0.15687
-0.29413 -0.86599 -0.40442
0 -1 0
0 -1 0
0.06633 -0.79773 -0.59935
0.30038 -0.8638 -0.40451
0.48487 -0.86037 -0.15704
0 -1 0
0 -1 0
0.37408 -0.91938 0.12167
0 0.61745 -0.78661
0.30504 0.60762 -0.73331
0.59774 0.72099 -0.35056
0.43087 0.78825 -0.43934
0.61795 0.48609 -0.61795
0.5896 0.79085 -0.1641
0.84491 0.48464 -0.22639
0.69283 0.7211 0.00198
0.5957 0.78853 0.15286
0.84395 0.48642 0.22614
0.60272 0.72111 0.34164
0.43126 0.7919 0.43233
0.61856 0.48452 0.61856
0.34201 0.72123 0.60238
0.15307 0.78845 0.59574
0.22611 0.48657 0.84387
0.00356 0.7211 0.69282
-0.1638 0.79102 0.58945
-0.22641 0.48454 0.84496
-0.35112 0.72116 0.5972
-0.43956 0.78856 0.43006
-0.6178 0.48647 0.6178
-0.59893 0.72117 0.34814
-0.59258 0.79092 0.15265
-0.84488 0.48469 0.22639
-0.69286 0.72105 -0.00479
-0.59308 0.78817 -0.16443
-0.8441 0.48614 -0.22618
-0.60194 0.72053 -0.34424
-0.43468 0.78945 -0.43338
-0.61873 0.4841 -0.61873
-0.344 0.72038 -0.60226
-0.16551 0.78801 -0.593
-0.22621 0.48591 -0.84423
-0.0042 0.72069 -0.69324
0.15267 0.79052 -0.5931
0.22643 0.48434 -0.84507
0.3485 0.72067 -0.59931
0 -0.90482 -0.42579
0.25903 -0.89689 0.35847
-0.32684 -0.94508 0
0.42579 -0.90482 0
0 -0.86723 0.49791
0 -1 0
-0.00073 -0.86612 0.49984
-0.29374 -0.86617 0.4043
-0.38237 -0.90746 0.17409
-0.54163 -0.82163 -0.17763
-0.29374 -0.86617 -0.4043
-0.00052 -0.8666 0.49901
0.29582 -0.86495 0.4054
-0.06893 0.99646 -0.04822
-0.04601 -0.90412 -0.42479
0.34412 -0.81483 -0.46652
0 0.73141 -0.68194
-0.43726 0.485 -0.75735
-0.59057 0.73141 -0.34097
0 0.45895 0.88846
-0.0002 1 -0.00017
-0.00006 1 -0.00001
-0.00016 1 -0.00005
0.00026 -1 0.00041
0 -1 0
0 -1 0
0 -1 0
0 -1 0
0 -1 0
-0.51715 0.70717 -0.48214
-0.65972 -0.42803 -0.6177
0 1 0
0 1 0
0 1 0
0 1 0
-0.63071 0.68528 0.36414
-0.80168 0.37825 0.46285
-0.30988 0.95078 0
0.48974 -0.85701 -0.16029
0.47844 -0.86426 0.15541
-0.41001 0.82072 0.39789
0.43726 0.485 0.75735
0 0.73141 0.68194
0 0.61745 0.78661
-0.43726 0.485 0.75735
-0.59057 0.73141 0.34097
-0.87451 0.485 0
0 -1 0
0 -1 0
-0.55182 -0.52486 0.64809
-0.51811 0.70302 0.48715
0 1 0.00026
-0.66401 -0.42027 0.61844
0 -1 0
0 -1 0
0 -1 0
0 -1 0
-0.01076 -0.99993 -0.00461
-0.00184 -0.99996 -0.00922
-0.26593 -0.9574 0.11257
-0.29611 -0.95363 -0.05389
-0.98177 -0.01756 -0.18924
-0.9289 -0.19709 0.31353
-0.08781 -0.97788 0.18982
-0.22335 -0.96404 0.14399
0 -1 0
-0.83147 0 0.55557
0.4865 0.70235 -0.51964
0.6177 -0.42803 -0.65972
0 -1 0
0 -1 0
-0.48661 0.70224 -0.51968
0 1 0
0 1 0
-0.61772 -0.42788 -0.65981
0 -1 0
0 -1 0
0.70559 0.70711 0.04623
0.70559 -0.70711 0.04623
-0.23701 -0.70711 0.6662
-0.23701 0.70711 0.6662
0.87867 -0.47743 0
0 -0.47743 0.87867
-0.87867 -0.47743 0
0 -0.47743 -0.87867
0.00043 0.57715 0.81664
0.81503 0.57941 -0.00433
-0.36416 -0.85719 -0.36416
-0.66458 -0.74722 0.00001
-0.61059 -0.50435 -0.61059
-0.8635 -0.50435 0
-0.46962 -0.74761 0.46962
-0.29217 -0.9106 0.29231
0.86055 -0.50937 0
0 -0.50937 0.86055
-0.86055 -0.50937 0
0 -0.50937 -0.86055
0.46962 -0.74761 0.46962
0 -0.50435 0.8635
0 -0.85758 -0.51435
0.28763 -0.90643 -0.30928
0.56425 -0.8256 0
0.29425 -0.90594 0.30444
0.6606 -0.34717 -0.66565
0.62188 -0.47597 -0.62187
0.94271 -0.3336 0
0.66101 -0.33406 0.67192
-0.10734 0.95413 -0.27947
-0.26587 0.96256 -0.05288
-0.26587 0.96256 0.05288
0 1 0
-0.22539 0.96256 0.1506
0 1 0
0 1 0
-0.1506 0.96256 0.22539
-0.05288 0.96256 0.26587
0.05288 0.96256 0.26587
0 1 0
0.1506 0.96256 0.22539
0 1 0
0 1 0
0.22539 0.96256 0.1506
0.26587 0.96256 0.05288
0.26587 0.96256 -0.05288
0 1 0
0.22539 0.96256 -0.1506
0 1 0
0 1 0
0.1506 0.96256 -0.22539
0.06036 0.97259 -0.22458
-0.04225 0.94551 -0.32284
0 1 0
0 1 0
0 1 0
0 1 0
0 1 0
0.0004 1 0.00076
0.00077 1 0.00022
0.47911 0.87702 -0.03594
0.07394 0.96303 -0.25905
0 0.3336 -0.94271
0.61059 -0.50435 -0.61059
0.8635 -0.50435 0
0.92036 0.38398 -0.07411
0.62072 0.7819 -0.05782
0.00001 -0.74722 -0.66458
0.36425 -0.85712 -0.36423
0.00001 -0.64955 0.76032
0.364 -0.85733 0.364
0.6645 -0.74729 -0.00009
0.30005 0.9055 -0.30005
0.66344 0.74823 0
-0.00068 -1 0
0 0.87399 -0.48594
0 -1 0
0 -1 0
0 -1 0
0 -1 0
0 -1 0.00001
0 1 0
0 1 0
0 -1 0
0 -1 0

END
