// model size: 88.200 x 54.314 x 199.153
// materials used: ['grs_armadillo.png']

NVERTS 110
NFACES 152

VERTEX
-24.40811 -19.43688 129.4146
-32.98311 -23.29563 59.46813
-44.00811 -8.41188 59.46813
-32.98311 -8.41189 143.9931
0.09189 -23.29563 143.9931
-24.4081 -19.43687 12.9641
0.09189 -20.72059 6.42604
0.09189 -8.41186 -9.87441
-32.9831 -8.41187 -8.94979
23.86137 -19.43688 129.4146
32.43637 -23.29563 59.46813
32.49176 -8.41188 143.9931
44.19189 -8.41188 59.46813
24.5919 -19.43687 12.9641
33.1669 -8.41187 -8.94979
-24.40811 2.61312 122.0792
-24.40811 2.61314 -20.46585
-32.98311 6.47187 59.46813
0.21775 6.4719 -23.88326
23.91676 2.61312 122.0792
33.16689 6.47187 59.46813
0.09189 6.47187 143.9932
24.5919 2.61314 -20.46585
0.09189 -28.25688 59.46813
0.09189 11.43312 59.46813
0.09189 -8.41188 172.1682
12.743 4.4418 35.20044
12.743 11.60899 36.86635
12.743 3.25662 30.91143
-12.74395 4.4418 35.20044
-12.74395 14.02114 33.26824
-12.74395 3.25661 30.91143
12.743 14.02114 33.26824
12.743 19.56678 45.65764
-12.74395 15.52894 45.62383
12.743 15.52894 45.62383
-12.74396 19.56678 45.65763
-12.74395 11.60899 36.86635
22.93527 13.12543 56.10724
20.57952 23.48343 56.10724
22.93527 10.55222 45.11065
-22.93623 13.12542 56.10724
-22.93623 10.55222 45.11065
-20.58048 26.05663 45.11065
20.57952 26.05664 45.11065
-20.58048 23.48343 56.10724
-22.54048 -14.72423 -10.17881
-20.53123 -19.08991 -10.17881
-20.53123 -10.35856 -10.17881
-18.03252 -13.01157 12.95416
-20.04177 -14.72424 12.95416
-18.03252 -16.59811 12.95416
-10.82973 -10.35856 -10.17881
-10.82973 -19.08991 -10.17881
-8.82048 -14.72424 -10.17881
-13.18633 -13.01158 12.95416
-11.17708 -14.72424 12.95416
-13.18633 -16.59811 12.95416
8.81952 -14.72423 -10.17881
10.82877 -19.08991 -10.17881
10.82877 -10.35856 -10.17881
13.32748 -13.01157 12.95416
11.31824 -14.72424 12.95416
13.32748 -16.59811 12.95416
20.53028 -10.35856 -10.17881
20.53028 -19.08991 -10.17881
22.53952 -14.72424 -10.17881
18.17367 -13.01158 12.95416
20.18292 -14.72424 12.95416
18.17367 -16.59811 12.95416
-7.18336 6.62633 92.31712
-7.18336 10.39534 92.31712
-7.18335 6.62633 107.9971
6.53664 6.62633 92.31712
6.53665 10.39534 107.9971
6.53665 6.62633 107.9971
-7.18335 10.39534 107.9971
6.53664 10.39534 92.31712
19.32292 19.79075 56.41915
-19.50886 22.73223 56.41916
19.32292 22.73223 56.41915
-19.50886 19.79075 55.45346
-19.50886 19.79075 56.41915
19.32292 22.73223 55.45346
19.32292 19.79075 55.45346
-19.50886 22.73223 55.45346
7.32962 3.41692 33.35928
7.32962 10.15471 33.35928
7.32962 3.41467 -19.07975
6.38942 3.41692 33.35928
6.38942 6.93776 -25.94414
6.38942 10.15471 33.35928
6.38943 3.41467 -19.07975
7.32962 6.93776 -25.94414
0.46962 4.67387 33.35927
0.46962 11.41166 33.35928
0.46962 4.67162 -20.41302
-0.47058 4.67387 33.35927
-0.47058 8.1947 -26.98517
-0.47058 11.41166 33.35928
-0.47058 4.67162 -20.41302
0.46962 8.1947 -26.98517
-6.39038 3.41692 33.35927
-6.39038 10.15471 33.35928
-6.39038 4.15367 -20.56739
-7.33058 3.41692 33.35927
-7.33058 6.93088 -26.03419
-7.33058 10.15471 33.35928
-7.33058 4.15367 -20.56739
-6.39038 6.93088 -26.03419

FACES
0 0 0	0 0 0	3	0 1 2
0 0 0	0 0 0	3	0 3 4
0 0 0	0 0 0	3	5 6 7
0 0 0	0 0 0	3	5 1 6
0 0 0	0 0 0	3	5 8 2
0 0 0	0 0 0	3	9 10 4
0 0 0	0 0 0	3	9 11 12
0 0 0	0 0 0	3	13 10 12
0 0 0	0 0 0	3	13 6 10
0 0 0	0 0 0	3	13 14 7
0 0 0	0 0 0	3	15 3 2
0 0 0	0 0 0	3	16 17 2
0 0 0	0 0 0	3	16 18 17
0 0 0	0 0 0	3	16 8 7
0 0 0	0 0 0	3	19 20 12
0 0 0	0 0 0	3	19 21 20
0 0 0	0 0 0	3	19 11 21
0 0 0	0 0 0	3	22 18 7
0 0 0	0 0 0	3	22 20 18
0 0 0	0 0 0	3	22 14 12
0 0 0	0 0 0	3	23 1 4
0 0 0	0 0 0	3	24 21 17
0 0 0	0 0 0	3	2 1 5
0 0 0	0 0 0	3	2 17 15
0 0 0	0 0 0	3	2 8 16
0 0 0	0 0 0	3	2 3 0
0 0 0	0 0 0	3	7 6 13
0 0 0	0 0 0	3	7 18 16
0 0 0	0 0 0	3	7 8 5
0 0 0	0 0 0	3	7 14 22
0 0 0	0 0 0	3	12 10 9
0 0 0	0 0 0	3	12 20 22
0 0 0	0 0 0	3	12 14 13
0 0 0	0 0 0	3	12 11 19
0 0 0	0 0 0	3	25 3 21
0 0 0	0 0 0	3	25 11 4
0 0 0	0 0 0	3	4 10 23
0 0 0	0 0 0	3	4 1 0
0 0 0	0 0 0	3	4 3 25
0 0 0	0 0 0	3	4 11 9
0 0 0	0 0 0	3	10 6 23
0 0 0	0 0 0	3	6 1 23
0 0 0	0 0 0	3	17 18 24
0 0 0	0 0 0	3	17 21 15
0 0 0	0 0 0	3	18 20 24
0 0 0	0 0 0	3	20 21 24
0 0 0	0 0 0	3	21 3 15
0 0 0	0 0 0	3	21 11 25
0 0 0	0 0 0	3	26 27 28
0 0 0	0 0 0	3	26 29 27
0 0 0	0 0 0	3	28 30 31
0 0 0	0 0 0	3	27 32 28
0 0 0	0 0 0	3	27 33 32
0 0 0	0 0 0	3	27 34 35
0 0 0	0 0 0	3	32 30 28
0 0 0	0 0 0	3	35 33 27
0 0 0	0 0 0	3	33 30 32
0 0 0	0 0 0	3	33 36 30
0 0 0	0 0 0	3	29 37 27
0 0 0	0 0 0	3	29 30 37
0 0 0	0 0 0	3	31 30 29
0 0 0	0 0 0	3	37 34 27
0 0 0	0 0 0	3	30 34 37
0 0 0	0 0 0	3	30 36 34
0 0 0	0 0 0	3	38 39 40
0 0 0	0 0 0	3	38 41 39
0 0 0	0 0 0	3	40 41 38
0 0 0	0 0 0	3	40 42 41
0 0 0	0 0 0	3	40 43 42
0 0 0	0 0 0	3	39 44 40
0 0 0	0 0 0	3	39 43 44
0 0 0	0 0 0	3	44 43 40
0 0 0	0 0 0	3	41 45 39
0 0 0	0 0 0	3	41 43 45
0 0 0	0 0 0	3	42 43 41
0 0 0	0 0 0	3	45 43 39
0 0 0	0 0 0	3	46 47 48
0 0 0	0 0 0	3	46 49 50
0 0 0	0 0 0	3	46 51 47
0 0 0	0 0 0	3	48 47 52
0 0 0	0 0 0	3	48 49 46
0 0 0	0 0 0	3	52 53 54
0 0 0	0 0 0	3	52 47 53
0 0 0	0 0 0	3	52 49 48
0 0 0	0 0 0	3	52 55 49
0 0 0	0 0 0	3	54 55 52
0 0 0	0 0 0	3	54 56 55
0 0 0	0 0 0	3	54 57 56
0 0 0	0 0 0	3	53 57 54
0 0 0	0 0 0	3	47 57 53
0 0 0	0 0 0	3	47 51 57
0 0 0	0 0 0	3	50 51 46
0 0 0	0 0 0	3	58 59 60
0 0 0	0 0 0	3	58 61 62
0 0 0	0 0 0	3	58 63 59
0 0 0	0 0 0	3	60 59 64
0 0 0	0 0 0	3	60 61 58
0 0 0	0 0 0	3	64 65 66
0 0 0	0 0 0	3	64 59 65
0 0 0	0 0 0	3	64 61 60
0 0 0	0 0 0	3	64 67 61
0 0 0	0 0 0	3	66 67 64
0 0 0	0 0 0	3	66 68 67
0 0 0	0 0 0	3	66 69 68
0 0 0	0 0 0	3	65 69 66
0 0 0	0 0 0	3	59 69 65
0 0 0	0 0 0	3	59 63 69
0 0 0	0 0 0	3	62 63 58
0 0 0	0 0 0	3	70 71 72
0 0 0	0 0 0	3	70 73 71
0 0 0	0 0 0	3	72 74 75
0 0 0	0 0 0	3	71 76 72
0 0 0	0 0 0	3	71 74 76
0 0 0	0 0 0	3	76 74 72
0 0 0	0 0 0	3	73 77 71
0 0 0	0 0 0	3	73 74 77
0 0 0	0 0 0	3	75 74 73
0 0 0	0 0 0	3	77 74 71
0 0 0	0 0 0	3	78 79 80
0 0 0	0 0 0	3	78 81 82
0 0 0	0 0 0	3	78 83 84
0 0 0	0 0 0	3	82 79 78
0 0 0	0 0 0	3	82 81 79
0 0 0	0 0 0	3	80 83 78
0 0 0	0 0 0	3	79 83 80
0 0 0	0 0 0	3	79 85 83
0 0 0	0 0 0	3	84 81 78
0 0 0	0 0 0	3	81 85 79
0 0 0	0 0 0	3	86 87 88
0 0 0	0 0 0	3	89 90 91
0 0 0	0 0 0	3	88 90 92
0 0 0	0 0 0	3	92 90 89
0 0 0	0 0 0	3	87 93 88
0 0 0	0 0 0	3	87 90 93
0 0 0	0 0 0	3	91 90 87
0 0 0	0 0 0	3	93 90 88
0 0 0	0 0 0	3	94 95 96
0 0 0	0 0 0	3	97 98 99
0 0 0	0 0 0	3	96 98 100
0 0 0	0 0 0	3	100 98 97
0 0 0	0 0 0	3	95 101 96
0 0 0	0 0 0	3	95 98 101
0 0 0	0 0 0	3	99 98 95
0 0 0	0 0 0	3	101 98 96
0 0 0	0 0 0	3	102 103 104
0 0 0	0 0 0	3	105 106 107
0 0 0	0 0 0	3	104 106 108
0 0 0	0 0 0	3	108 106 105
0 0 0	0 0 0	3	103 109 104
0 0 0	0 0 0	3	103 106 109
0 0 0	0 0 0	3	107 106 103
0 0 0	0 0 0	3	109 106 104

TEXTURES
0	1.0 1.0	0.05545 0.23533	0.32151 0.25164	0.32151 0.18874
0	1.0 1.0	0.28424 0.83742	0.25162 0.89283	0.37743 0.8929
0	1.0 1.0	0.28424 0.39448	0.37743 0.36961	0.37743 0.30755
0	1.0 1.0	0.28424 0.39448	0.25162 0.57138	0.37743 0.36961
0	1.0 1.0	0.4984 0.23533	0.58176 0.18874	0.32151 0.18874
0	1.0 1.0	0.46784 0.83742	0.50046 0.57138	0.37743 0.8929
0	1.0 1.0	0.57011 0.10987	0.6254 0.06293	0.30367 0.06246
0	1.0 1.0	0.12715 0.10984	0.30389 0.12583	0.30367 0.06246
0	1.0 1.0	0.47062 0.39448	0.37743 0.36961	0.50046 0.57138
0	1.0 1.0	0.47062 0.39448	0.50324 0.31107	0.37743 0.30755
0	1.0 1.0	0.08336 0.14214	0 0.18874	0.32151 0.18874
0	1.0 1.0	0.62556 0.14214	0.32151 0.12583	0.32151 0.18874
0	1.0 1.0	0.219 0.26585	0.12533 0.25164	0.25162 0.56776
0	1.0 1.0	0.65818 0.93608	0.62556 1	0.75137 0.99767
0	1.0 1.0	0.54221 0.01668	0.30389 0	0.30367 0.06246
0	1.0 1.0	0.03519 0.80647	0.12581 0.88833	0 0.56776
0	1.0 1.0	0.03519 0.80647	0.00257 0.89314	0.12581 0.88833
0	1.0 1.0	0.84456 0.93608	0.75185 0.91525	0.75137 0.99767
0	1.0 1.0	0.03262 0.26585	0 0.56776	0.12533 0.25164
0	1.0 1.0	0 0.01665	0.04364 0.0629	0.30367 0.06246
0	1.0 1.0	0.37743 0.5714	0.25162 0.57138	0.37743 0.8929
0	1.0 1.0	0.12581 0.56616	0.12581 0.88833	0.25162 0.56776
0	1.0 1.0	0.32151 0.18874	0.32151 0.25164	0.4984 0.23533
0	1.0 1.0	0.32151 0.18874	0.32151 0.12583	0.08336 0.14214
0	1.0 1.0	0.32151 0.18874	0.58176 0.18874	0.62556 0.14214
0	1.0 1.0	0.32151 0.18874	0 0.18874	0.05545 0.23533
0	1.0 1.0	0.37743 0.30755	0.37743 0.36961	0.47062 0.39448
0	1.0 1.0	0.75137 0.99767	0.75185 0.91525	0.65818 0.93608
0	1.0 1.0	0.37743 0.30755	0.25162 0.31107	0.28424 0.39448
0	1.0 1.0	0.75137 0.99767	0.87718 1	0.84456 0.93608
0	1.0 1.0	0.30367 0.06246	0.30389 0.12583	0.57011 0.10987
0	1.0 1.0	0.30367 0.06246	0.30389 0	0 0.01665
0	1.0 1.0	0.30367 0.06246	0.04364 0.0629	0.12715 0.10984
0	1.0 1.0	0.30367 0.06246	0.6254 0.06293	0.54221 0.01668
0	1.0 1.0	0.12581 1	0.25162 0.89314	0.12581 0.88833
0	1.0 1.0	0.37743 1	0.50067 0.89283	0.37743 0.8929
0	1.0 1.0	0.37743 0.8929	0.50046 0.57138	0.37743 0.5714
0	1.0 1.0	0.37743 0.8929	0.25162 0.57138	0.28424 0.83742
0	1.0 1.0	0.37743 0.8929	0.25162 0.89283	0.37743 1
0	1.0 1.0	0.37743 0.8929	0.50067 0.89283	0.46784 0.83742
0	1.0 1.0	0.50046 0.57138	0.37743 0.36961	0.37743 0.5714
0	1.0 1.0	0.37743 0.36961	0.25162 0.57138	0.37743 0.5714
0	1.0 1.0	0.25162 0.56776	0.12533 0.25164	0.12581 0.56616
0	1.0 1.0	0.25162 0.56776	0.12581 0.88833	0.219 0.80647
0	1.0 1.0	0.12533 0.25164	0 0.56776	0.12581 0.56616
0	1.0 1.0	0 0.56776	0.12581 0.88833	0.12581 0.56616
0	1.0 1.0	0.12581 0.88833	0.25162 0.89314	0.219 0.80647
0	1.0 1.0	0.12581 0.88833	0.00257 0.89314	0.12581 1
0	1.0 1.0	0.52313 0.92119	0.52946 0.88453	0.50681 0.9262
0	1.0 1.0	0.50324 0.31364	0.60018 0.31364	0.50324 0.27643
0	1.0 1.0	0.61449 0.54004	0.51754 0.48741	0.51754 0.54004
0	1.0 1.0	0.52946 0.88453	0.51578 0.87433	0.50681 0.9262
0	1.0 1.0	0.52946 0.88453	0.5629 0.85089	0.51578 0.87433
0	1.0 1.0	0.61449 0.38051	0.51754 0.41771	0.61449 0.41771
0	1.0 1.0	0.61449 0.48741	0.51754 0.48741	0.61449 0.54004
0	1.0 1.0	0.56278 0.86796	0.5629 0.85089	0.52946 0.88453
0	1.0 1.0	0.51754 0.48741	0.61449 0.43478	0.51754 0.43478
0	1.0 1.0	0.51754 0.48741	0.61449 0.48741	0.61449 0.43478
0	1.0 1.0	0.60018 0.31364	0.60018 0.27643	0.50324 0.27643
0	1.0 1.0	0.58349 0.76497	0.59084 0.71812	0.57716 0.72831
0	1.0 1.0	0.59981 0.76998	0.59084 0.71812	0.58349 0.76497
0	1.0 1.0	0.51754 0.38051	0.51754 0.41771	0.61449 0.38051
0	1.0 1.0	0.59084 0.71812	0.54384 0.71175	0.57716 0.72831
0	1.0 1.0	0.59084 0.71812	0.54372 0.69468	0.54384 0.71175
0	1.0 1.0	0.54864 0.84013	0.54864 0.78811	0.50681 0.85089
0	1.0 1.0	0.62556 0.72962	0.80005 0.72962	0.63452 0.67835
0	1.0 1.0	0.80005 0.72962	0.62556 0.77284	0.80005 0.77284
0	1.0 1.0	0.80005 0.72962	0.62556 0.72962	0.62556 0.77284
0	1.0 1.0	0.80005 0.67835	0.63452 0.60533	0.62556 0.67835
0	1.0 1.0	0.54864 0.78811	0.50681 0.77734	0.50681 0.85089
0	1.0 1.0	0.62556 0.60533	0.78212 0.56211	0.62556 0.56211
0	1.0 1.0	0.79109 0.60533	0.63452 0.60533	0.80005 0.67835
0	1.0 1.0	0.80005 0.72962	0.79109 0.67835	0.63452 0.67835
0	1.0 1.0	0.54864 0.84013	0.59047 0.77734	0.54864 0.78811
0	1.0 1.0	0.59047 0.85089	0.59047 0.77734	0.54864 0.84013
0	1.0 1.0	0.78212 0.60533	0.78212 0.56211	0.62556 0.60533
0	1.0 1.0	0.62556 0.4043	0.6332 0.42275	0.6332 0.38585
0	1.0 1.0	0.59635 0.57183	0.50681 0.56459	0.50791 0.57183
0	1.0 1.0	0.59635 0.57183	0.50681 0.57975	0.59526 0.59028
0	1.0 1.0	0.6332 0.38585	0.6332 0.42275	0.67011 0.38585
0	1.0 1.0	0.59526 0.55338	0.50681 0.56459	0.59635 0.57183
0	1.0 1.0	0.67011 0.38585	0.67011 0.42275	0.67775 0.4043
0	1.0 1.0	0.67011 0.38585	0.6332 0.42275	0.67011 0.42275
0	1.0 1.0	0.50681 0.59147	0.53421 0.68013	0.54372 0.59147
0	1.0 1.0	0.50681 0.59147	0.51578 0.68013	0.53421 0.68013
0	1.0 1.0	0.50681 0.94465	0.59625 0.93741	0.50786 0.9262
0	1.0 1.0	0.50681 0.94465	0.5952 0.94465	0.59625 0.93741
0	1.0 1.0	0.50681 0.94465	0.59625 0.95257	0.5952 0.94465
0	1.0 1.0	0.50786 0.9631	0.59625 0.95257	0.50681 0.94465
0	1.0 1.0	0.58062 0.59155	0.60856 0.68013	0.61752 0.59155
0	1.0 1.0	0.58062 0.59155	0.59012 0.68013	0.60856 0.68013
0	1.0 1.0	0.50791 0.57183	0.50681 0.57975	0.59635 0.57183
0	1.0 1.0	0.62556 0.35211	0.6332 0.37056	0.6332 0.33366
0	1.0 1.0	0.60708 0.36206	0.51754 0.35482	0.51863 0.36206
0	1.0 1.0	0.60708 0.36206	0.51754 0.36998	0.60599 0.38051
0	1.0 1.0	0.6332 0.33366	0.6332 0.37056	0.67011 0.33366
0	1.0 1.0	0.60599 0.34361	0.51754 0.35482	0.60708 0.36206
0	1.0 1.0	0.67011 0.33366	0.67011 0.37056	0.67775 0.35211
0	1.0 1.0	0.67011 0.33366	0.6332 0.37056	0.67011 0.37056
0	1.0 1.0	0.50681 0.68131	0.53421 0.76998	0.54372 0.68131
0	1.0 1.0	0.50681 0.68131	0.51578 0.76998	0.53421 0.76998
0	1.0 1.0	0.50681 0.98155	0.59625 0.97431	0.50786 0.9631
0	1.0 1.0	0.50681 0.98155	0.5952 0.98155	0.59625 0.97431
0	1.0 1.0	0.50681 0.98155	0.59625 0.98947	0.5952 0.98155
0	1.0 1.0	0.50786 1	0.59625 0.98947	0.50681 0.98155
0	1.0 1.0	0.54372 0.59155	0.57165 0.68013	0.58062 0.59155
0	1.0 1.0	0.54372 0.59155	0.55322 0.68013	0.57165 0.68013
0	1.0 1.0	0.51863 0.36206	0.51754 0.36998	0.60708 0.36206
0	1.0 1.0	0.45897 0.27907	0.45897 0.26314	0.39933 0.27907
0	1.0 1.0	0.62556 0.32602	0.67775 0.32602	0.62556 0.31009
0	1.0 1.0	0.72994 0.32602	0.67775 0.31009	0.67775 0.32602
0	1.0 1.0	0.45897 0.26314	0.39933 0.26314	0.39933 0.27907
0	1.0 1.0	0.67775 0.43039	0.62556 0.49003	0.67775 0.49003
0	1.0 1.0	0.72994 0.31009	0.67775 0.31009	0.72994 0.32602
0	1.0 1.0	0.67775 0.32602	0.67775 0.31009	0.62556 0.31009
0	1.0 1.0	0.51754 0.34361	0.57719 0.32768	0.51754 0.32768
0	1.0 1.0	0.57719 0.34361	0.57719 0.32768	0.51754 0.34361
0	1.0 1.0	0.62556 0.43039	0.62556 0.49003	0.67775 0.43039
0	1.0 1.0	0.62556 0.56211	0.77327 0.54968	0.62556 0.54968
0	1.0 1.0	0.39933 0.26296	0.25162 0.25929	0.25162 0.26296
0	1.0 1.0	0.48483 0.26665	0.48115 0.25421	0.48115 0.26665
0	1.0 1.0	0.77327 0.56211	0.77327 0.54968	0.62556 0.56211
0	1.0 1.0	0.48115 0.27908	0.48483 0.27908	0.48115 0.26665
0	1.0 1.0	0.48483 0.25421	0.48115 0.25421	0.48483 0.26665
0	1.0 1.0	0.39933 0.26664	0.25162 0.26296	0.25162 0.26664
0	1.0 1.0	0.39933 0.26664	0.39933 0.26296	0.25162 0.26296
0	1.0 1.0	0.39933 0.25929	0.25162 0.25929	0.39933 0.26296
0	1.0 1.0	0.48483 0.27908	0.48483 0.26665	0.48115 0.26665
0	1.0 1.0	0.85114 0.80131	0.85114 0.77284	0.65167 0.80132
0	1.0 1.0	0.62556 0.8298	0.85114 0.81492	0.62556 0.80132
0	1.0 1.0	0.51397 0.34101	0.51039 0.31398	0.51039 0.34101
0	1.0 1.0	0.82503 0.82981	0.85114 0.81492	0.62556 0.8298
0	1.0 1.0	0.85114 0.77284	0.62556 0.78643	0.65167 0.80132
0	1.0 1.0	0.51397 0.54004	0.51754 0.31406	0.51397 0.31402
0	1.0 1.0	0.51754 0.54004	0.51754 0.31406	0.51397 0.54004
0	1.0 1.0	0.51397 0.31402	0.51039 0.31398	0.51397 0.34101
0	1.0 1.0	0.8551 0.91524	0.8551 0.88676	0.65056 0.91525
0	1.0 1.0	0.25162 0.30754	0.48115 0.29266	0.25162 0.27907
0	1.0 1.0	0.50681 0.79589	0.50324 0.76998	0.50324 0.79589
0	1.0 1.0	0.45616 0.30755	0.48115 0.29266	0.25162 0.30754
0	1.0 1.0	0.8551 0.88676	0.62556 0.90036	0.65056 0.91525
0	1.0 1.0	0.50324 0.76998	0.50681 0.54004	0.50324 0.54004
0	1.0 1.0	0.50681 0.76998	0.50681 0.54004	0.50324 0.76998
0	1.0 1.0	0.50681 0.76998	0.50324 0.76998	0.50681 0.79589
0	1.0 1.0	0.85148 0.88676	0.85148 0.85829	0.64636 0.88365
0	1.0 1.0	0.62556 0.85829	0.85148 0.84343	0.62556 0.82981
0	1.0 1.0	0.50681 0.33516	0.50324 0.31364	0.50324 0.33516
0	1.0 1.0	0.83069 0.85517	0.85148 0.84343	0.62556 0.85829
0	1.0 1.0	0.85148 0.85829	0.62556 0.87191	0.64636 0.88365
0	1.0 1.0	0.50681 0.54004	0.51039 0.31372	0.50681 0.31368
0	1.0 1.0	0.51039 0.54004	0.51039 0.31372	0.50681 0.54004
0	1.0 1.0	0.50681 0.31368	0.50324 0.31364	0.50681 0.33516

NAMES 1
grs_armadillo.png

NORMALS
-0.55157 -0.81276 0.18757
-0.38895 -0.92079 -0.02938
-0.99944 -0.02982 -0.01513
-0.85794 0.02141 0.51331
0.00319 -0.96543 0.26065
-0.38097 -0.87003 -0.3129
0.00051 -0.95786 -0.28725
-0.00001 -0.78072 -0.62488
-0.55871 -0.66062 -0.50142
0.54637 -0.81655 0.18634
0.38248 -0.92358 -0.02666
0.85959 0.02068 0.51057
0.9992 -0.03853 -0.01028
0.37634 -0.87343 -0.30899
0.55871 -0.66062 -0.50142
-0.55043 0.81949 0.15957
-0.69671 0.26443 -0.66684
-0.40873 0.9126 0.01013
0.00052 0.83366 -0.55228
0.55205 0.81779 0.16266
0.41051 0.91177 0.01235
0.00314 0.97277 0.23175
0.697 0.26422 -0.66661
0.00165 -0.99915 -0.04125
0 1 -0.00041
0.00764 0 0.99997
0.70711 -0.16009 0.68875
0.74488 -0.42426 0.51493
0.70711 0.15123 -0.69074
-0.70711 -0.16009 0.68875
-0.74595 0.4202 -0.51672
-0.70711 0.15123 -0.69074
0.74595 0.4202 -0.51672
0.70711 0.6454 -0.28889
-0.70711 -0.6454 0.28889
0.70711 -0.6454 0.28889
-0.70711 0.6454 -0.28889
-0.74488 -0.42426 0.51493
0.57211 -0.44194 0.69092
0.50361 0.59529 0.6261
0.66251 -0.53215 -0.52715
-0.55612 -0.44669 0.70085
-0.65062 -0.54232 -0.53159
-0.57701 0.68205 -0.4493
0.59233 0.67373 -0.44185
-0.48603 0.59652 0.6387
-0.98371 0.00934 -0.17952
-0.2441 -0.65212 -0.71774
-0.37256 0.58324 -0.72182
-0.43605 0.89124 0.12475
-0.99397 0.02235 0.10736
-0.58997 -0.7984 0.12038
0.24477 0.65331 -0.71643
0.37115 -0.58087 -0.72446
0.98266 0.00932 -0.18519
0.57688 0.80812 0.11897
0.9946 0.02235 0.10132
0.44726 -0.88648 0.11881
-0.98371 0.00934 -0.17952
-0.2441 -0.65212 -0.71774
-0.37256 0.58324 -0.72182
-0.43605 0.89124 0.12475
-0.99397 0.02235 0.10736
-0.58997 -0.7984 0.12038
0.24477 0.65331 -0.71643
0.37115 -0.58086 -0.72446
0.98266 0.00932 -0.18519
0.57689 0.80811 0.11897
0.9946 0.02235 0.10132
0.44726 -0.88648 0.11881
-0.70711 0 -0.70711
-0.57735 0.57735 -0.57735
-0.70711 0 0.70711
0.70711 0 -0.70711
0.57735 0.57735 0.57735
0.70711 0 0.70711
-0.57735 0.57735 0.57735
0.57735 0.57735 -0.57735
0.57735 -0.57735 0.57735
-0.57735 0.57735 0.57735
0.57735 0.57735 0.57735
-0.70711 -0.70711 0
-0.57735 -0.57735 0.57735
0.70711 0.70711 0
0.70711 -0.70711 0
-0.70711 0.70711 0
1 0 0
0.70711 0.70607 -0.0383
0.70711 -0.62909 -0.32287
-1 0 0
-0.8864 0.0965 -0.45275
-0.70711 0.70607 -0.0383
-0.70711 -0.62909 -0.32287
0.8864 0.0965 -0.45275
1 0 0
0.70711 0.7061 -0.03764
0.70711 -0.62321 -0.33408
-1 0 0
-0.88042 0.10321 -0.46283
-0.70711 0.7061 -0.03764
-0.70711 -0.62321 -0.33408
0.88042 0.10321 -0.46283
1 0 0
0.70711 0.70607 -0.03832
0.70711 -0.63042 -0.32026
-1 0 0
-0.88784 0.09498 -0.45024
-0.70711 0.70607 -0.03832
-0.70711 -0.63042 -0.32026
0.88784 0.09498 -0.45024

END
