// model size: 590.201 x 316.581 x 780.399
// textures used: ['grs_bay.png']

NVERTS 280
NFACES 328

VERTEX
190.69214, -157.84125, 501.92816
-190.69214, -157.84125, 501.92816
291.35208, -157.84126, 169.69353
-291.35208, -157.84126, 169.69353
190.69214, 157.84125, 501.92816
-190.69214, 157.84125, 501.92816
291.35208, 157.84125, 169.69353
-291.35208, 157.84125, 169.69353
-160.59805, -38.71324, 159.86273
-156.35281, -44.84879, 159.79280
-151.18814, -46.92024, 160.02594
152.71648, -46.55801, 159.86273
158.85204, -42.31276, 159.79280
160.92349, -37.14811, 160.02594
160.56125, 41.56445, 159.86273
156.31601, 47.69999, 159.79279
151.15135, 49.77143, 160.02594
-152.75327, 49.40922, 159.86273
-158.88884, 45.16396, 159.79279
-160.96028, 39.99931, 160.02594
-160.59805, -38.71324, 169.56569
-156.35281, -44.84879, 169.49574
-151.18814, -46.92025, 169.72888
152.71648, -46.55801, 169.56569
158.85204, -42.31276, 169.49574
160.92349, -37.14812, 169.72888
160.56125, 41.56445, 169.56569
156.31601, 47.69999, 169.49574
151.15135, 49.77145, 169.72888
-152.75327, 49.40922, 169.56569
-158.88884, 45.16396, 169.49574
-160.96028, 39.99931, 169.72888
-164.49905, 56.32424, 169.56569
164.46225, 56.32424, 169.56569
164.46225, -53.90362, 169.56569
-164.49905, -53.90362, 169.56569
-137.03406, 105.69067, 508.13376
-137.03406, -91.65023, 508.13376
137.03406, -91.65020, 508.13373
137.03403, 105.69067, 508.13370
-217.87170, 93.06261, 206.22632
-243.66489, 118.85580, 169.74925
-192.07852, 118.85580, 169.74925
-192.07852, 67.26943, 169.74925
-243.66489, 67.26943, 169.74925
220.26675, 93.06261, 206.22632
194.47357, 118.85580, 169.74925
246.05994, 118.85580, 169.74925
246.05994, 67.26943, 169.74925
194.47357, 67.26943, 169.74925
291.49216, -157.68399, 169.23917
-291.26053, -157.68399, 169.23914
291.49213, -157.68394, -271.97830
-291.26053, -157.68394, -271.97830
291.49216, 158.42847, 169.23917
-291.26053, 158.42847, 169.23917
291.49213, 158.42850, -271.97824
-291.26053, 158.42850, -271.97830
-198.72383, -157.93066, 42.11337
-198.72383, -157.93066, 107.80763
-236.46169, -157.93066, 107.80763
-236.46169, -125.08354, 42.11337
-236.46169, -125.08354, 107.80763
-198.72383, -125.08354, 42.11337
-198.72383, -125.08354, 107.80763
-268.50977, -157.58836, -94.73013
-64.73576, -157.58836, -160.94031
-43.22278, -157.58836, -94.73013
-64.73578, -157.58836, -28.51993
-121.05753, -157.58836, 12.40021
-190.67505, -157.58836, 12.40019
-246.99678, -157.58836, -28.51996
-268.50977, -127.38354, -94.73013
-246.99677, -127.38354, -160.94031
-190.67502, -127.38354, -201.86047
-121.05751, -127.38354, -201.86044
-64.73576, -127.38354, -160.94031
-43.22278, -127.38354, -94.73013
-64.73578, -127.38354, -28.51993
-121.05753, -127.38354, 12.40021
-190.67505, -127.38354, 12.40019
-246.99678, -127.38354, -28.51996
41.82465, -157.58836, -94.73013
63.33764, -157.58836, -160.94031
267.11163, -157.58836, -94.73013
245.59863, -157.58836, -28.51993
189.27689, -157.58836, 12.40021
119.65937, -157.58836, 12.40019
63.33763, -157.58836, -28.51996
41.82465, -127.38354, -94.73013
63.33764, -127.38354, -160.94031
119.65939, -127.38354, -201.86047
189.27690, -127.38354, -201.86044
245.59865, -127.38354, -160.94031
267.11163, -127.38354, -94.73013
245.59863, -127.38354, -28.51993
189.27689, -127.38354, 12.40021
119.65937, -127.38354, 12.40019
63.33763, -127.38354, -28.51996
287.03772, 35.65582, -38.98737
286.78180, 28.36401, -170.32855
287.03772, 35.65582, -163.03250
286.78180, 28.36401, -31.68845
283.97861, -51.85200, -170.32855
283.97861, -51.85200, -31.68845
283.72336, -59.14449, -163.03250
283.72339, -59.14449, -38.98737
278.94180, 35.93884, -38.98737
278.68665, 28.64706, -31.68845
278.94177, 35.93884, -163.03250
278.68661, 28.64706, -170.32855
275.88193, -51.56899, -170.32855
275.62747, -58.86140, -38.98737
275.62744, -58.86143, -163.03250
275.88196, -51.56899, -31.68845
291.91986, -56.55442, -24.05020
275.80499, -53.77866, -24.05020
295.03247, 32.50047, -24.05020
278.84052, 33.06716, -24.05020
295.31552, 40.59638, -32.15186
279.12357, 41.16315, -32.15186
279.12357, 41.16315, -169.86801
295.31549, 40.59638, -169.86801
278.84055, 33.06719, -177.96893
275.72794, -55.98836, -177.96899
275.44559, -64.08427, -169.86801
275.44559, -64.08432, -32.15186
291.63687, -64.65109, -32.15186
220.26675, 93.06261, -235.78845
194.47357, 118.85580, -272.26553
246.05994, 118.85580, -272.26553
246.05994, 67.26943, -272.26553
194.47357, 67.26943, -272.26553
-217.87170, 93.06261, -235.78845
-243.66489, 118.85580, -272.26553
-192.07852, 118.85580, -272.26553
-192.07852, 67.26943, -272.26553
-243.66489, 67.26943, -272.26553
-286.60764, 35.65582, -38.98721
-286.35175, 28.36401, -170.32840
-286.60767, 35.65582, -163.03235
-286.35175, 28.36401, -31.68832
-283.54855, -51.85200, -170.32840
-283.54855, -51.85200, -31.68832
-283.29333, -59.14449, -163.03235
-283.29330, -59.14449, -38.98721
-278.51172, 35.93884, -38.98721
-278.25656, 28.64706, -31.68832
-278.51175, 35.93884, -163.03235
-278.25656, 28.64706, -170.32840
-275.45190, -51.56899, -170.32840
-275.19739, -58.86140, -38.98721
-275.19742, -58.86143, -163.03235
-275.45187, -51.56899, -31.68832
-291.48978, -56.55442, -24.05008
-275.37491, -53.77866, -24.05008
-294.60239, 32.50047, -24.05008
-278.41043, 33.06716, -24.05008
-294.88544, 40.59638, -32.15170
-278.69348, 41.16315, -32.15170
-278.69351, 41.16315, -169.86789
-294.88547, 40.59638, -169.86786
-278.41049, 33.06719, -177.96878
-275.29791, -55.98836, -177.96884
-275.01553, -64.08427, -169.86789
-275.01550, -64.08432, -32.15170
-291.20679, -64.65109, -32.15170
-291.52823, 134.77835, -230.00177
-291.52823, 134.77835, -208.18399
-291.52823, 150.05081, -208.18396
292.54178, 134.77832, -230.00186
292.54178, 134.77832, -208.18408
292.54178, 150.05078, -208.18408
-291.52823, 134.77835, -261.83850
-291.52823, 134.77835, -240.02072
-291.52823, 150.05081, -240.02069
292.54178, 134.77832, -261.83859
292.54178, 134.77832, -240.02081
292.54178, 150.05078, -240.02081
71.56166, -158.15262, -173.52530
43.98335, -158.15262, -173.52530
43.98335, -158.15262, -202.41684
71.56166, -150.27310, -173.52530
43.98335, -150.27310, -173.52530
71.56166, -150.27310, -202.41684
43.98335, -150.27310, -202.41684
-46.68576, -158.15262, -173.52530
-74.26407, -158.15262, -173.52530
-46.68576, -158.15262, -202.41684
-46.68576, -150.27310, -173.52530
-74.26407, -150.27310, -173.52530
-46.68576, -150.27310, -202.41684
-74.26407, -150.27310, -202.41684
128.02824, -122.59225, -41.34567
138.38472, -122.59225, -159.72052
177.09540, -122.59225, -37.05286
188.19446, -122.59225, -155.36273
128.68062, -97.59225, -48.80222
141.35780, -97.59224, -193.70288
177.80406, -97.59225, -44.50446
191.16753, -97.59224, -189.34509
159.15378, -87.59225, -110.26910
114.32501, -110.09225, -114.19110
203.98253, -110.09225, -106.34708
149.13084, -110.09225, 4.29333
151.63658, -126.96725, -24.34729
192.03275, -126.96725, -107.39255
125.53220, -126.96725, -113.21060
125.53220, -93.21725, -113.21060
166.69453, -93.21722, -194.98669
192.77534, -93.21725, -107.32758
151.63658, -93.21725, -24.34729
131.61693, -110.09225, -182.75916
118.01501, -110.09226, -27.28882
198.86006, -110.09225, -176.87613
184.57185, -110.09226, -21.46582
174.17218, -95.51892, -133.81271
174.55362, -96.86267, -138.17258
174.02402, -85.68436, -132.11926
174.34402, -82.94949, -135.77682
173.24518, -81.23997, -123.21707
173.24217, -76.66193, -123.18271
148.26404, -95.51892, -136.07938
148.64549, -96.86267, -140.43924
148.11589, -85.68436, -134.38593
148.43588, -82.94949, -138.04349
147.33705, -81.23997, -125.48373
147.33405, -76.66193, -125.44937
182.67354, -83.96504, -111.65396
183.65152, -86.88251, -122.83228
180.27887, -70.21129, -111.86346
181.25684, -67.29381, -123.04178
136.04401, -83.96505, -115.73352
137.02199, -86.88251, -126.91183
138.43869, -70.21129, -115.52402
139.41667, -67.29382, -126.70233
148.83688, -93.04214, -77.52429
147.44240, -93.04214, -61.58517
148.83688, -88.76888, -77.52429
147.44240, -88.76888, -61.58517
162.78362, -93.04214, -76.30411
161.38911, -93.04214, -60.36499
162.78362, -88.76888, -76.30411
161.38911, -88.76888, -60.36499
178.97375, -76.40799, -111.65817
139.50027, -76.40799, -115.11163
178.97375, -73.07298, -111.65814
139.50027, -73.07298, -115.11163
179.05963, -76.40799, -112.63980
139.58615, -76.40799, -116.09329
179.05963, -73.07298, -112.63980
139.58615, -73.07298, -116.09329
168.83308, -96.68092, -136.16571
167.87735, -96.68092, -136.24933
173.49672, -96.68347, -189.47131
172.54099, -96.68347, -189.55493
168.83308, -89.04169, -136.16571
167.87735, -89.04169, -136.24933
174.10721, -92.68904, -196.44913
173.15147, -92.68904, -196.53275
161.85973, -95.25581, -136.77582
160.90399, -95.25581, -136.85944
166.64194, -95.25836, -191.43671
165.68620, -95.25836, -191.52032
161.85973, -87.61658, -136.77582
160.90399, -87.61658, -136.85944
167.22643, -91.26393, -198.11746
166.27069, -91.26393, -198.20108
154.88635, -96.68092, -137.38589
153.93062, -96.68092, -137.46951
159.68230, -95.84560, -192.20370
158.72656, -95.84560, -192.28732
154.88635, -89.04169, -137.38589
153.93062, -89.04169, -137.46951
160.16849, -92.69684, -197.76086
159.21275, -92.69684, -197.84448
71.26480, -149.99823, -198.82022
44.14936, -149.99823, -198.82022
71.26480, -131.46344, -205.56635
44.14936, -131.46344, -205.56635

FACES
127,127,127,	-0.00000,0.09334,-0.99563,	3,	0,38,1
128,127,127,	-0.00000,1.00000,-0.00000,	3,	1,2,0
129,127,127,	0.95704,-0.00000,-0.28996,	3,	1,7,3
130,127,127,	0.11488,-0.00000,-0.99338,	3,	1,36,5
131,127,127,	-0.00000,0.09334,-0.99563,	3,	1,38,37
132,127,127,	-0.95704,-0.00000,-0.28996,	3,	2,4,0
133,127,127,	-0.00101,-0.00000,1.00000,	3,	2,33,6
134,127,127,	-0.00000,0.00123,1.00000,	3,	2,35,34
135,127,127,	-0.00000,1.00000,-0.00000,	3,	3,2,1
136,127,127,	-0.00000,0.00123,1.00000,	3,	3,35,2
137,127,127,	-0.00000,-1.00000,0.00000,	3,	4,7,5
138,127,127,	-0.00000,-0.11816,-0.99299,	3,	4,36,39
139,127,127,	-0.11488,-0.00000,-0.99338,	3,	4,38,0
140,127,127,	0.95704,-0.00000,-0.28996,	3,	5,7,1
141,127,127,	-0.00000,-0.11816,-0.99299,	3,	5,36,4
142,127,127,	-0.95704,-0.00000,-0.28996,	3,	6,4,2
143,127,127,	-0.00000,-1.00000,0.00000,	3,	6,7,4
144,127,127,	-0.00000,-0.00126,1.00000,	3,	6,33,7
145,127,127,	-0.00000,-0.00126,1.00000,	3,	7,33,32
146,127,127,	0.00101,-0.00000,1.00000,	3,	7,35,3
147,127,127,	0.82235,0.56899,-0.00000,	3,	8,21,20
148,127,127,	0.99999,0.00460,0.00000,	3,	8,31,19
149,127,127,	0.82235,0.56899,-0.00000,	3,	9,21,8
150,127,127,	0.37225,0.92813,0.00000,	3,	10,21,9
151,127,127,	0.37226,0.92813,0.00000,	3,	10,22,21
152,127,127,	-0.00119,1.00000,0.00000,	3,	10,23,22
153,127,127,	-0.00119,1.00000,-0.00000,	3,	11,23,10
154,127,127,	-0.56899,0.82235,-0.00000,	3,	12,23,11
155,127,127,	-0.92813,0.37226,-0.00000,	3,	13,24,12
156,127,127,	-0.92813,0.37226,0.00000,	3,	13,25,24
157,127,127,	-0.99999,-0.00460,-0.00000,	3,	13,26,25
158,127,127,	-0.99999,-0.00460,0.00000,	3,	14,26,13
159,127,127,	-0.82235,-0.56899,-0.00000,	3,	15,26,14
160,127,127,	-0.37225,-0.92813,-0.00000,	3,	16,27,15
161,127,127,	-0.37226,-0.92813,0.00000,	3,	16,28,27
162,127,127,	0.00119,-1.00000,0.00000,	3,	16,29,28
163,127,127,	0.00119,-1.00000,-0.00000,	3,	17,29,16
164,127,127,	0.56899,-0.82235,-0.00000,	3,	18,29,17
165,127,127,	0.92813,-0.37225,-0.00000,	3,	19,30,18
166,127,127,	0.92813,-0.37225,-0.00000,	3,	19,31,30
167,127,127,	0.99999,0.00460,-0.00000,	3,	20,31,8
168,127,127,	-0.05680,-0.00233,0.99838,	3,	20,32,31
169,127,127,	0.00000,-0.00000,1.00000,	3,	20,35,32
170,127,127,	0.01202,-0.00309,0.99992,	3,	21,35,20
171,127,127,	-0.03086,0.03548,0.99889,	3,	22,35,21
172,127,127,	0.00054,0.00086,1.00000,	3,	23,34,22
173,127,127,	-0.56899,0.82235,-0.00000,	3,	24,23,12
174,127,127,	0.00541,0.00865,0.99995,	3,	24,34,23
175,127,127,	-0.05771,-0.02191,0.99809,	3,	25,34,24
176,127,127,	0.05709,0.00233,0.99837,	3,	26,34,25
177,127,127,	-0.82235,-0.56899,-0.00000,	3,	27,26,15
178,127,127,	-0.01192,0.00315,0.99992,	3,	27,33,26
179,127,127,	0.03034,-0.03676,0.99886,	3,	28,33,27
180,127,127,	-0.00057,0.02605,0.99966,	3,	29,33,28
181,127,127,	0.56899,-0.82235,-0.00000,	3,	30,29,18
182,127,127,	-0.00524,-0.00890,0.99995,	3,	30,32,29
183,127,127,	0.05678,0.02229,0.99814,	3,	31,32,30
184,127,127,	-0.00000,0.00000,1.00000,	3,	32,33,29
185,127,127,	0.00101,0.00000,1.00000,	3,	32,35,7
186,127,127,	0.00000,0.00000,1.00000,	3,	33,34,26
187,127,127,	-0.00101,-0.00000,1.00000,	3,	34,33,2
188,127,127,	-0.00000,-0.02336,0.99973,	3,	34,35,22
189,127,127,	0.11488,-0.00000,-0.99338,	3,	37,36,1
190,127,127,	-0.11488,-0.00000,-0.99338,	3,	39,38,4
191,127,127,	-0.81650,-0.00000,0.57735,	3,	40,44,41
192,127,127,	-0.00000,0.81650,0.57735,	3,	41,42,40
193,127,127,	0.81650,0.00000,0.57735,	3,	42,43,40
194,127,127,	-0.00000,-0.81650,0.57735,	3,	43,44,40
195,127,127,	-0.81650,-0.00000,0.57735,	3,	45,49,46
196,127,127,	-0.00000,0.81650,0.57735,	3,	46,47,45
197,127,127,	0.81650,0.00000,0.57735,	3,	47,48,45
198,127,127,	-0.00000,-0.81650,0.57735,	3,	48,49,45
199,127,127,	-0.00000,1.00000,0.00000,	3,	51,52,50
200,127,127,	1.00000,0.00000,0.00000,	3,	51,57,53
201,127,127,	-1.00000,-0.00000,0.00000,	3,	52,54,50
202,127,127,	-0.00000,-0.00000,1.00000,	3,	52,57,56
203,127,127,	-0.00000,1.00000,0.00000,	3,	53,52,51
204,127,127,	-0.00000,-0.00000,1.00000,	3,	53,57,52
205,127,127,	-0.00000,-1.00000,-0.00000,	3,	54,57,55
206,127,127,	1.00000,0.00000,0.00000,	3,	55,57,51
207,127,127,	-1.00000,-0.00000,0.00000,	3,	56,54,52
208,127,127,	0.00000,-1.00000,-0.00000,	3,	56,57,54
209,127,127,	1.00000,-0.00000,-0.00000,	3,	58,64,63
210,127,127,	1.00000,-0.00000,0.00000,	3,	59,64,58
211,127,127,	-0.00000,-0.00000,1.00000,	3,	60,62,59
212,127,127,	-0.00000,1.00000,-0.00000,	3,	61,63,62
213,127,127,	-0.00000,-0.00000,1.00000,	3,	62,64,59
214,127,127,	-0.00000,1.00000,-0.00000,	3,	63,64,62
215,127,127,	-0.95106,-0.00000,0.30902,	3,	65,81,71
216,127,127,	0.95106,-0.00000,-0.30902,	3,	66,77,76
217,127,127,	0.95106,-0.00000,-0.30902,	3,	67,77,66
218,127,127,	0.95106,0.00000,0.30902,	3,	68,77,67
219,127,127,	0.58779,-0.00000,0.80902,	3,	68,79,78
220,127,127,	0.58779,-0.00000,0.80902,	3,	69,79,68
221,127,127,	-0.00000,-0.00000,1.00000,	3,	70,79,69
222,127,127,	-0.58779,-0.00000,0.80902,	3,	70,81,80
223,127,127,	-0.58779,-0.00000,0.80902,	3,	71,81,70
224,127,127,	-0.95106,-0.00000,0.30902,	3,	72,81,65
225,127,127,	-0.00000,1.00000,-0.00000,	3,	73,75,80
226,127,127,	0.00000,1.00000,-0.00000,	3,	73,81,72
227,127,127,	-0.00000,1.00000,-0.00000,	3,	74,75,73
228,127,127,	-0.00000,1.00000,-0.00000,	3,	75,77,80
229,127,127,	0.00000,1.00000,-0.00000,	3,	76,77,75
230,127,127,	0.95106,-0.00000,0.30902,	3,	78,77,68
231,127,127,	0.00000,1.00000,0.00000,	3,	78,80,77
232,127,127,	-0.00000,1.00000,0.00000,	3,	79,80,78
233,127,127,	-0.00000,-0.00000,1.00000,	3,	80,79,70
234,127,127,	-0.00000,1.00000,-0.00000,	3,	81,73,80
235,127,127,	-0.95106,-0.00000,-0.30902,	3,	82,90,89
236,127,127,	-0.95106,-0.00000,0.30902,	3,	82,98,88
237,127,127,	-0.95106,0.00000,-0.30902,	3,	83,90,82
238,127,127,	0.95106,0.00000,0.30902,	3,	85,94,84
239,127,127,	0.58779,-0.00000,0.80902,	3,	85,96,95
240,127,127,	0.58779,-0.00000,0.80902,	3,	86,96,85
241,127,127,	-0.00000,-0.00000,1.00000,	3,	87,96,86
242,127,127,	-0.58779,-0.00000,0.80902,	3,	87,98,97
243,127,127,	-0.58779,-0.00000,0.80902,	3,	88,98,87
244,127,127,	-0.95106,-0.00000,0.30902,	3,	89,98,82
245,127,127,	-0.00000,1.00000,-0.00000,	3,	90,92,98
246,127,127,	0.00000,1.00000,-0.00000,	3,	90,98,89
247,127,127,	-0.00000,1.00000,-0.00000,	3,	91,92,90
248,127,127,	-0.00000,1.00000,-0.00000,	3,	92,94,97
249,127,127,	0.00000,1.00000,-0.00000,	3,	93,94,92
250,127,127,	0.95106,-0.00000,0.30902,	3,	95,94,85
251,127,127,	0.00000,1.00000,0.00000,	3,	95,97,94
252,127,127,	-0.00000,1.00000,0.00000,	3,	96,97,95
253,127,127,	-0.00000,-0.00000,1.00000,	3,	97,96,87
254,127,127,	-0.00000,1.00000,-0.00000,	3,	98,92,97
255,127,127,	-0.99938,0.03508,-0.00000,	3,	99,102,100
0,127,127,	-0.99938,0.03508,-0.00000,	3,	100,101,99
1,127,127,	-0.02471,-0.70666,0.70712,	3,	100,110,101
2,127,127,	0.00000,-0.00000,1.00000,	3,	100,111,110
3,127,127,	-0.02470,-0.70667,0.70712,	3,	101,110,109
4,127,127,	-0.99939,0.03492,-0.00000,	3,	102,103,100
5,127,127,	-0.99939,0.03492,-0.00000,	3,	102,104,103
6,127,127,	-0.00000,-0.00000,1.00000,	3,	103,111,100
7,127,127,	0.02470,0.70664,0.70715,	3,	103,113,111
8,127,127,	-0.99939,0.03498,-0.00000,	3,	104,105,103
9,127,127,	-0.99939,0.03498,0.00000,	3,	104,106,105
10,127,127,	0.02470,0.70677,-0.70701,	3,	104,114,106
11,127,127,	0.02471,0.70663,0.70715,	3,	105,113,103
12,127,127,	0.03495,0.99939,-0.00000,	3,	106,112,105
13,127,127,	0.02471,0.70678,-0.70701,	3,	106,114,112
14,127,127,	-0.99939,0.03490,-0.00007,	3,	107,118,108
15,127,127,	-0.99939,0.03487,-0.00007,	3,	107,120,118
16,127,127,	-0.99939,0.03494,0.00004,	3,	108,116,114
17,127,127,	-0.99939,0.03493,-0.00008,	3,	108,118,116
18,127,127,	-0.99940,0.03477,0.00000,	3,	109,120,107
19,127,127,	-0.99940,0.03478,-0.00000,	3,	109,121,120
20,127,127,	-0.99939,0.03487,0.00007,	3,	109,123,121
21,127,127,	-0.99939,0.03491,0.00006,	3,	110,123,109
22,127,127,	-0.99939,0.03494,0.00008,	3,	111,123,110
23,127,127,	-0.99939,0.03493,-0.00006,	3,	111,124,123
24,127,127,	0.03494,0.99939,-0.00000,	3,	112,113,105
25,127,127,	-0.99939,0.03480,0.00000,	3,	112,125,113
26,127,127,	-0.99939,0.03480,0.00000,	3,	112,126,125
27,127,127,	-0.99939,0.03486,-0.00002,	3,	113,124,111
28,127,127,	-0.99939,0.03483,-0.00002,	3,	113,125,124
29,127,127,	-0.99939,0.03486,0.00001,	3,	114,116,112
30,127,127,	-0.12058,-0.70005,0.70384,	3,	115,127,116
31,127,127,	-0.00000,0.00000,1.00000,	3,	116,117,115
32,127,127,	-0.00000,-0.00000,1.00000,	3,	116,118,117
33,127,127,	-0.99939,0.03483,0.00002,	3,	116,126,112
34,127,127,	-0.02161,-0.61742,0.78634,	3,	116,127,126
35,127,127,	0.02474,0.70671,0.70707,	3,	117,120,119
36,127,127,	0.02473,0.70671,0.70708,	3,	118,120,117
37,127,127,	0.03498,0.99939,0.00000,	3,	120,121,119
38,127,127,	0.03498,0.99939,-0.00000,	3,	121,122,119
39,127,127,	-0.81650,-0.00000,0.57735,	3,	128,132,129
40,127,127,	-0.00000,0.81650,0.57735,	3,	129,130,128
41,127,127,	0.81650,0.00000,0.57735,	3,	130,131,128
42,127,127,	-0.00000,-0.81650,0.57735,	3,	131,132,128
43,127,127,	-0.81650,-0.00000,0.57735,	3,	133,137,134
44,127,127,	-0.00000,0.81650,0.57735,	3,	134,135,133
45,127,127,	0.81650,0.00000,0.57735,	3,	135,136,133
46,127,127,	-0.00000,-0.81650,0.57735,	3,	136,137,133
47,127,127,	0.99938,0.03508,-0.00000,	3,	138,140,139
48,127,127,	0.03494,-0.99939,-0.00000,	3,	138,148,140
49,127,127,	0.99938,0.03507,-0.00000,	3,	139,141,138
50,127,127,	0.99939,0.03492,-0.00000,	3,	139,142,141
51,127,127,	-0.00000,0.00000,1.00000,	3,	139,150,142
52,127,127,	0.02471,-0.70666,0.70712,	3,	140,149,139
53,127,127,	0.02471,-0.70680,-0.70698,	3,	141,146,138
54,127,127,	0.02471,-0.70680,-0.70698,	3,	141,147,146
55,127,127,	0.99939,0.03492,-0.00000,	3,	142,143,141
56,127,127,	0.99939,0.03498,-0.00000,	3,	142,144,143
57,127,127,	-0.02471,0.70663,0.70715,	3,	142,152,144
58,127,127,	0.99939,0.03498,-0.00000,	3,	144,145,143
59,127,127,	-0.03495,0.99939,0.00000,	3,	144,151,145
60,127,127,	-0.03494,0.99939,-0.00000,	3,	144,152,151
61,127,127,	-0.02470,0.70677,-0.70701,	3,	145,153,143
62,127,127,	0.03494,-0.99939,-0.00000,	3,	146,148,138
63,127,127,	0.99940,0.03477,-0.00000,	3,	146,159,148
64,127,127,	0.99939,0.03490,-0.00007,	3,	147,157,146
65,127,127,	0.02470,-0.70667,0.70712,	3,	148,149,140
66,127,127,	0.99939,0.03491,0.00006,	3,	148,162,149
67,127,127,	0.00000,0.00000,1.00000,	3,	149,150,139
68,127,127,	0.99939,0.03494,0.00008,	3,	149,162,150
69,127,127,	-0.02470,0.70664,0.70715,	3,	150,152,142
70,127,127,	0.99939,0.03486,-0.00002,	3,	150,163,152
71,127,127,	-0.02471,0.70677,-0.70701,	3,	151,153,145
72,127,127,	0.99939,0.03486,0.00001,	3,	151,155,153
73,127,127,	0.99939,0.03483,0.00002,	3,	151,165,155
74,127,127,	0.99939,0.03480,-0.00000,	3,	152,164,151
75,127,127,	0.99939,0.03494,0.00004,	3,	153,155,147
76,127,127,	-0.00000,-0.00000,1.00000,	3,	154,156,155
77,127,127,	0.99939,0.03493,-0.00008,	3,	155,157,147
78,127,127,	0.12058,-0.70005,0.70384,	3,	155,166,154
79,127,127,	-0.00000,-0.00000,1.00000,	3,	156,157,155
80,127,127,	-0.02473,0.70670,0.70708,	3,	156,159,157
81,127,127,	0.99939,0.03487,-0.00007,	3,	157,159,146
82,127,127,	-0.02474,0.70671,0.70707,	3,	158,159,156
83,127,127,	-0.03498,0.99939,0.00000,	3,	158,160,159
84,127,127,	-0.03498,0.99939,0.00000,	3,	158,161,160
85,127,127,	0.99940,0.03477,-0.00000,	3,	159,160,148
86,127,127,	0.99939,0.03486,0.00007,	3,	160,162,148
87,127,127,	0.99939,0.03493,-0.00006,	3,	162,163,150
88,127,127,	0.99939,0.03483,-0.00002,	3,	163,164,152
89,127,127,	0.99939,0.03480,-0.00000,	3,	164,165,151
90,127,127,	0.02161,-0.61741,0.78634,	3,	165,166,155
91,127,127,	-0.00000,-1.00000,-0.00000,	3,	167,171,170
92,127,127,	-0.00000,-1.00000,-0.00000,	3,	168,171,167
93,127,127,	0.00000,-0.00000,1.00000,	3,	169,171,168
94,127,127,	0.00000,0.00000,1.00000,	3,	172,171,169
95,127,127,	-0.00000,-1.00000,-0.00000,	3,	173,177,176
96,127,127,	-0.00000,-1.00000,-0.00000,	3,	174,177,173
97,127,127,	0.00000,-0.00000,1.00000,	3,	175,177,174
98,127,127,	0.00000,0.00000,1.00000,	3,	178,177,175
99,127,127,	-0.00000,-0.00000,1.00000,	3,	180,182,179
100,127,127,	-1.00000,0.00000,-0.00000,	3,	180,185,183
101,127,127,	-1.00000,-0.00000,0.00000,	3,	181,185,180
102,127,127,	-0.00000,1.00000,0.00000,	3,	182,185,184
103,127,127,	-0.00000,0.00000,1.00000,	3,	183,182,180
104,127,127,	-0.00000,1.00000,-0.00000,	3,	183,185,182
105,127,127,	1.00000,-0.00000,0.00000,	3,	186,189,188
106,127,127,	-0.00000,-0.00000,1.00000,	3,	187,189,186
107,127,127,	1.00000,-0.00000,-0.00000,	3,	188,189,191
108,127,127,	-0.00000,1.00000,0.00000,	3,	189,192,191
109,127,127,	-0.00000,0.00000,1.00000,	3,	190,189,187
110,127,127,	-0.00000,1.00000,-0.00000,	3,	190,192,189
111,127,127,	-0.83307,-0.54964,0.06240,	3,	193,207,202
112,127,127,	-0.43856,-0.80366,0.40225,	3,	193,213,205
113,127,127,	-0.69403,-0.69835,-0.17502,	3,	194,212,202
114,127,127,	0.73872,-0.65249,0.16893,	3,	195,215,203
115,127,127,	0.81390,-0.56910,-0.11703,	3,	196,206,203
116,127,127,	-0.73326,0.67924,0.03114,	3,	197,213,202
117,127,127,	-0.81278,0.55081,-0.18974,	3,	198,208,202
118,127,127,	-0.17381,0.98089,-0.08749,	3,	198,209,208
119,127,127,	0.80451,0.54766,0.22986,	3,	199,210,203
120,127,127,	0.25895,0.95732,0.12838,	3,	199,211,210
121,127,127,	0.40478,0.84831,0.34136,	3,	199,215,211
122,127,127,	0.18820,0.98053,-0.05599,	3,	200,210,209
123,127,127,	0.87703,0.47619,-0.06370,	3,	200,214,203
124,127,127,	-0.16903,0.98436,0.04965,	3,	201,211,208
125,127,127,	-0.79460,-0.54345,-0.27070,	3,	202,207,194
126,127,127,	-0.83257,0.54841,0.07795,	3,	202,208,197
127,127,127,	-0.85265,0.47619,-0.21503,	3,	202,212,198
128,127,127,	-0.76199,-0.64678,0.03236,	3,	202,213,193
129,127,127,	0.79291,-0.57414,0.20409,	3,	203,206,195
130,127,127,	0.83338,0.55081,-0.04572,	3,	203,210,200
131,127,127,	0.71388,-0.69835,-0.05185,	3,	203,214,196
132,127,127,	0.71076,0.68440,0.16254,	3,	203,215,199
133,127,127,	-0.43497,0.79193,0.42855,	3,	204,213,211
134,127,127,	0.36097,-0.78933,0.49665,	3,	204,215,205
135,127,127,	-0.43497,-0.79193,0.42855,	3,	205,213,204
136,127,127,	0.37074,-0.80320,0.46629,	3,	205,215,195
137,127,127,	-0.15773,0.98429,-0.07939,	3,	208,209,201
138,127,127,	-0.26648,0.96066,0.07828,	3,	208,211,197
139,127,127,	0.16908,0.98432,-0.05031,	3,	209,210,201
140,127,127,	0.15784,0.98436,0.07825,	3,	210,211,201
141,127,127,	-0.45064,0.85063,0.27084,	3,	211,213,197
142,127,127,	0.36097,0.78933,0.49665,	3,	211,215,204
143,127,127,	0.99619,0.00000,0.08716,	3,	216,218,217
144,127,127,	-0.08588,-0.17033,0.98164,	3,	216,222,218
145,127,127,	0.99619,-0.00000,0.08716,	3,	217,218,219
146,127,127,	0.99619,-0.00000,0.08716,	3,	218,221,219
147,127,127,	-0.08588,-0.17033,0.98164,	3,	218,222,224
148,127,127,	-0.03881,-0.89538,0.44362,	3,	218,226,220
149,127,127,	0.99619,-0.00000,0.08716,	3,	220,221,218
150,127,127,	-0.99619,0.00000,-0.08715,	3,	222,225,224
151,127,127,	-0.99619,-0.00000,-0.08716,	3,	223,225,222
152,127,127,	-0.03881,-0.89538,0.44362,	3,	224,226,218
153,127,127,	-0.99619,-0.00000,-0.08716,	3,	225,226,224
154,127,127,	-0.99619,0.00000,-0.08716,	3,	227,226,225
155,127,127,	0.98424,0.17199,0.04122,	3,	228,230,229
156,127,127,	-0.08716,-0.00000,0.99619,	3,	228,232,230
157,127,127,	0.98552,0.12174,0.11799,	3,	229,230,231
158,127,127,	-0.08716,0.00000,0.99619,	3,	230,232,234
159,127,127,	-0.02193,0.96782,0.25068,	3,	230,235,231
160,127,127,	-0.98424,0.17199,-0.04122,	3,	232,235,234
161,127,127,	-0.98552,0.12174,-0.11800,	3,	233,235,232
162,127,127,	-0.02193,0.96782,0.25068,	3,	234,235,230
163,127,127,	-0.99619,0.00000,-0.08716,	3,	236,238,237
164,127,127,	-0.99619,-0.00000,-0.08716,	3,	237,238,239
165,127,127,	-0.08716,-0.00000,0.99619,	3,	237,243,241
166,127,127,	0.00000,1.00000,-0.00000,	3,	238,243,239
167,127,127,	-0.08716,-0.00000,0.99619,	3,	239,243,237
168,127,127,	0.99619,-0.00000,0.08716,	3,	240,243,242
169,127,127,	0.99619,-0.00000,0.08716,	3,	241,243,240
170,127,127,	0.00000,1.00000,-0.00000,	3,	242,243,238
171,127,127,	-0.08716,-0.00001,0.99619,	3,	244,247,246
172,127,127,	0.99620,0.00000,0.08715,	3,	244,250,248
173,127,127,	-0.08716,-0.00000,0.99619,	3,	245,247,244
174,127,127,	-0.99620,-0.00000,-0.08715,	3,	245,249,247
175,127,127,	0.99620,-0.00000,0.08715,	3,	246,250,244
176,127,127,	-0.99620,0.00000,-0.08715,	3,	247,249,251
177,127,127,	-0.00000,1.00000,-0.00000,	3,	247,250,246
178,127,127,	0.00000,1.00000,-0.00000,	3,	251,250,247
179,127,127,	0.99619,-0.00000,0.08716,	3,	252,256,254
180,127,127,	-0.99619,-0.00000,-0.08716,	3,	253,259,257
181,127,127,	0.99619,-0.00000,0.08716,	3,	254,256,258
182,127,127,	-0.99619,0.00000,-0.08716,	3,	255,259,253
183,127,127,	0.00524,0.99819,-0.05993,	3,	256,259,258
184,127,127,	0.00524,0.99819,-0.05993,	3,	257,259,256
185,127,127,	0.99619,-0.00000,0.08716,	3,	260,264,262
186,127,127,	-0.99619,-0.00000,-0.08716,	3,	261,267,265
187,127,127,	0.99619,0.00000,0.08716,	3,	262,264,266
188,127,127,	-0.99619,-0.00000,-0.08716,	3,	263,267,261
189,127,127,	0.00515,0.99825,-0.05890,	3,	264,267,266
190,127,127,	0.00515,0.99825,-0.05890,	3,	265,267,264
191,127,127,	0.99619,-0.00000,0.08716,	3,	268,272,270
192,127,127,	-0.99619,-0.00000,-0.08716,	3,	269,275,273
193,127,127,	0.99619,-0.00000,0.08716,	3,	270,272,274
194,127,127,	-0.99619,0.00000,-0.08716,	3,	271,275,269
195,127,127,	0.00525,0.99819,-0.05997,	3,	272,275,274
196,127,127,	0.00525,0.99819,-0.05997,	3,	273,275,272
197,127,127,	-0.00000,0.34202,0.93969,	3,	277,278,276
198,127,127,	-0.00000,0.34202,0.93969,	3,	279,278,277

TEXTURES
grs_bay.png	1.0 1.0	0.51254 0.19696	0.47910 0.15572	0.27491 0.19696
grs_bay.png	1.0 1.0	0.30035 0.40396	0.00000 0.19696	0.06272 0.40396
grs_bay.png	1.0 1.0	0.94331 1.00000	0.72701 0.80331	0.72701 1.00000
grs_bay.png	1.0 1.0	0.27491 0.19696	0.30834 0.03276	0.27491 0.00027
grs_bay.png	1.0 1.0	0.27491 0.19696	0.47910 0.15572	0.30834 0.15572
grs_bay.png	1.0 1.0	0.94331 0.80331	0.72701 0.60662	0.72701 0.80331
grs_bay.png	1.0 1.0	0.36391 0.80304	0.44298 0.66960	0.36391 0.60635
grs_bay.png	1.0 1.0	0.36391 0.80304	0.64794 0.73828	0.44298 0.73828
grs_bay.png	1.0 1.0	0.36306 0.19696	0.00000 0.19696	0.30035 0.40396
grs_bay.png	1.0 1.0	0.72698 0.80304	0.64794 0.73828	0.36391 0.80304
grs_bay.png	1.0 1.0	0.66341 0.40396	0.36306 0.19696	0.42578 0.40396
grs_bay.png	1.0 1.0	0.51254 0.00027	0.30834 0.03276	0.47910 0.03276
grs_bay.png	1.0 1.0	0.51254 0.00027	0.47910 0.15572	0.51254 0.19696
grs_bay.png	1.0 1.0	0.94331 0.80331	0.72701 0.80331	0.94331 1.00000
grs_bay.png	1.0 1.0	0.27491 0.00027	0.30834 0.03276	0.51254 0.00027
grs_bay.png	1.0 1.0	0.94331 0.60662	0.72701 0.60662	0.94331 0.80331
grs_bay.png	1.0 1.0	0.72613 0.19696	0.36306 0.19696	0.66341 0.40396
grs_bay.png	1.0 1.0	0.36391 0.60635	0.44298 0.66960	0.72698 0.60635
grs_bay.png	1.0 1.0	0.72698 0.60635	0.44298 0.66960	0.64794 0.66960
grs_bay.png	1.0 1.0	0.72698 0.60635	0.64794 0.73828	0.72698 0.80304
grs_bay.png	1.0 1.0	0.75678 0.01597	0.76446 0.00415	0.75678 0.00406
grs_bay.png	1.0 1.0	0.75678 0.01597	0.66019 0.00386	0.66019 0.01577
grs_bay.png	1.0 1.0	0.76446 0.01606	0.76446 0.00415	0.75678 0.01597
grs_bay.png	1.0 1.0	0.89585 0.00440	0.90217 0.01603	0.90217 0.00412
grs_bay.png	1.0 1.0	0.89585 0.00440	0.89585 0.01631	0.90217 0.01603
grs_bay.png	1.0 1.0	0.89585 0.00440	0.52283 0.01611	0.89585 0.01631
grs_bay.png	1.0 1.0	0.52283 0.00420	0.52283 0.01611	0.89585 0.00440
grs_bay.png	1.0 1.0	0.51526 0.00412	0.52283 0.01611	0.52283 0.00420
grs_bay.png	1.0 1.0	0.75754 0.00461	0.76380 0.01623	0.76380 0.00432
grs_bay.png	1.0 1.0	0.75754 0.00461	0.75754 0.01652	0.76380 0.01623
grs_bay.png	1.0 1.0	0.75754 0.00461	0.66095 0.01632	0.75754 0.01652
grs_bay.png	1.0 1.0	0.66095 0.00441	0.66095 0.01632	0.75754 0.00461
grs_bay.png	1.0 1.0	0.65328 0.00432	0.66095 0.01632	0.66095 0.00441
grs_bay.png	1.0 1.0	0.89585 0.00440	0.90217 0.01603	0.90217 0.00412
grs_bay.png	1.0 1.0	0.89585 0.00440	0.89585 0.01631	0.90217 0.01603
grs_bay.png	1.0 1.0	0.89585 0.00440	0.52283 0.01611	0.89585 0.01631
grs_bay.png	1.0 1.0	0.52283 0.00420	0.52283 0.01611	0.89585 0.00440
grs_bay.png	1.0 1.0	0.51526 0.00412	0.52283 0.01611	0.52283 0.00420
grs_bay.png	1.0 1.0	0.66019 0.01577	0.65393 0.00415	0.65393 0.01606
grs_bay.png	1.0 1.0	0.66019 0.01577	0.66019 0.00386	0.65393 0.00415
grs_bay.png	1.0 1.0	0.75678 0.00406	0.66019 0.00386	0.75678 0.01597
grs_bay.png	1.0 1.0	0.64551 0.72882	0.64794 0.66960	0.64574 0.67977
grs_bay.png	1.0 1.0	0.64551 0.72882	0.64794 0.73828	0.64794 0.66960
grs_bay.png	1.0 1.0	0.64287 0.73264	0.64794 0.73828	0.64551 0.72882
grs_bay.png	1.0 1.0	0.63965 0.73393	0.64794 0.73828	0.64287 0.73264
grs_bay.png	1.0 1.0	0.45029 0.73370	0.44298 0.73828	0.63965 0.73393
grs_bay.png	1.0 1.0	0.51526 0.01603	0.52283 0.01611	0.51526 0.00412
grs_bay.png	1.0 1.0	0.44647 0.73106	0.44298 0.73828	0.45029 0.73370
grs_bay.png	1.0 1.0	0.44518 0.72784	0.44298 0.73828	0.44647 0.73106
grs_bay.png	1.0 1.0	0.44541 0.67880	0.44298 0.73828	0.44518 0.72784
grs_bay.png	1.0 1.0	0.65328 0.01623	0.66095 0.01632	0.65328 0.00432
grs_bay.png	1.0 1.0	0.44805 0.67497	0.44298 0.66960	0.44541 0.67880
grs_bay.png	1.0 1.0	0.45127 0.67368	0.44298 0.66960	0.44805 0.67497
grs_bay.png	1.0 1.0	0.64062 0.67391	0.44298 0.66960	0.45127 0.67368
grs_bay.png	1.0 1.0	0.51526 0.01603	0.52283 0.01611	0.51526 0.00412
grs_bay.png	1.0 1.0	0.64445 0.67655	0.64794 0.66960	0.64062 0.67391
grs_bay.png	1.0 1.0	0.64574 0.67977	0.64794 0.66960	0.64445 0.67655
grs_bay.png	1.0 1.0	0.64794 0.66960	0.44298 0.66960	0.64062 0.67391
grs_bay.png	1.0 1.0	0.64794 0.66960	0.64794 0.73828	0.72698 0.60635
grs_bay.png	1.0 1.0	0.44298 0.66960	0.44298 0.73828	0.44541 0.67880
grs_bay.png	1.0 1.0	0.44298 0.73828	0.44298 0.66960	0.36391 0.80304
grs_bay.png	1.0 1.0	0.44298 0.73828	0.64794 0.73828	0.63965 0.73393
grs_bay.png	1.0 1.0	0.30834 0.15572	0.30834 0.03276	0.27491 0.19696
grs_bay.png	1.0 1.0	0.47910 0.03276	0.47910 0.15572	0.51254 0.00027
grs_bay.png	1.0 1.0	0.97956 0.03624	0.99563 0.00840	0.96348 0.00840
grs_bay.png	1.0 1.0	0.99563 0.00840	0.96348 0.00840	0.97956 0.03624
grs_bay.png	1.0 1.0	0.99563 0.00840	0.96348 0.00840	0.97956 0.03624
grs_bay.png	1.0 1.0	0.99490 0.04163	0.96276 0.04163	0.97883 0.06946
grs_bay.png	1.0 1.0	0.97956 0.03624	0.99563 0.00840	0.96348 0.00840
grs_bay.png	1.0 1.0	0.99563 0.00840	0.96348 0.00840	0.97956 0.03624
grs_bay.png	1.0 1.0	0.99563 0.00840	0.96348 0.00840	0.97956 0.03624
grs_bay.png	1.0 1.0	0.99490 0.04163	0.96276 0.04163	0.97883 0.06946
grs_bay.png	1.0 1.0	0.36309 0.95378	0.00000 0.67887	0.00000 0.95378
grs_bay.png	1.0 1.0	0.27491 0.19696	0.00000 0.00000	0.00000 0.19696
grs_bay.png	1.0 1.0	0.63882 0.60635	0.36391 0.40939	0.36391 0.60635
grs_bay.png	1.0 1.0	0.36391 1.00000	0.72701 0.80304	0.36391 0.80304
grs_bay.png	1.0 1.0	0.36309 0.67887	0.00000 0.67887	0.36309 0.95378
grs_bay.png	1.0 1.0	0.72701 1.00000	0.72701 0.80304	0.36391 1.00000
grs_bay.png	1.0 1.0	0.36309 0.67887	0.00000 0.40396	0.00000 0.67887
grs_bay.png	1.0 1.0	0.27491 0.00000	0.00000 0.00000	0.27491 0.19696
grs_bay.png	1.0 1.0	0.63882 0.40939	0.36391 0.40939	0.63882 0.60635
grs_bay.png	1.0 1.0	0.36309 0.40396	0.00000 0.40396	0.36309 0.67887
grs_bay.png	1.0 1.0	0.69630 0.35469	0.78528 0.31020	0.69630 0.31020
grs_bay.png	1.0 1.0	0.78528 0.35469	0.78528 0.31020	0.69630 0.35469
grs_bay.png	1.0 1.0	0.74859 0.34289	0.74859 0.32242	0.72508 0.34289
grs_bay.png	1.0 1.0	0.69630 0.30689	0.69630 0.35800	0.78528 0.30689
grs_bay.png	1.0 1.0	0.74859 0.32242	0.72508 0.32242	0.72508 0.34289
grs_bay.png	1.0 1.0	0.69630 0.35800	0.78528 0.35800	0.78528 0.30689
grs_bay.png	1.0 1.0	0.64370 0.70765	0.60033 0.68883	0.60033 0.70765
grs_bay.png	1.0 1.0	0.56119 0.72663	0.60244 0.70781	0.56119 0.70781
grs_bay.png	1.0 1.0	0.60244 0.72663	0.60244 0.70781	0.56119 0.72663
grs_bay.png	1.0 1.0	0.64369 0.72663	0.60244 0.70781	0.60244 0.72663
grs_bay.png	1.0 1.0	0.44768 0.70826	0.48277 0.68944	0.44768 0.68944
grs_bay.png	1.0 1.0	0.48277 0.70826	0.48277 0.68944	0.44768 0.70826
grs_bay.png	1.0 1.0	0.52615 0.70826	0.48277 0.68944	0.48277 0.70826
grs_bay.png	1.0 1.0	0.52615 0.70826	0.56124 0.68944	0.52615 0.68944
grs_bay.png	1.0 1.0	0.56124 0.70826	0.56124 0.68944	0.52615 0.70826
grs_bay.png	1.0 1.0	0.64370 0.68883	0.60033 0.68883	0.64370 0.70765
grs_bay.png	1.0 1.0	0.93620 0.06149	0.81646 0.02258	0.88265 0.22630
grs_bay.png	1.0 1.0	0.93620 0.06149	0.93620 0.18740	0.95666 0.12444
grs_bay.png	1.0 1.0	0.88265 0.02258	0.81646 0.02258	0.93620 0.06149
grs_bay.png	1.0 1.0	0.81646 0.02258	0.74245 0.12444	0.88265 0.22630
grs_bay.png	1.0 1.0	0.76291 0.06149	0.74245 0.12444	0.81646 0.02258
grs_bay.png	1.0 1.0	0.64369 0.70781	0.60244 0.70781	0.64369 0.72663
grs_bay.png	1.0 1.0	0.76291 0.18740	0.88265 0.22630	0.74245 0.12444
grs_bay.png	1.0 1.0	0.81646 0.22630	0.88265 0.22630	0.76291 0.18740
grs_bay.png	1.0 1.0	0.52615 0.68944	0.48277 0.68944	0.52615 0.70826
grs_bay.png	1.0 1.0	0.93620 0.18740	0.93620 0.06149	0.88265 0.22630
grs_bay.png	1.0 1.0	0.60244 0.70781	0.64369 0.68899	0.60244 0.68899
grs_bay.png	1.0 1.0	0.60244 0.70781	0.56119 0.68899	0.56119 0.70781
grs_bay.png	1.0 1.0	0.64369 0.70781	0.64369 0.68899	0.60244 0.70781
grs_bay.png	1.0 1.0	0.64370 0.72647	0.60033 0.70765	0.60033 0.72647
grs_bay.png	1.0 1.0	0.44768 0.72708	0.48277 0.70826	0.44768 0.70826
grs_bay.png	1.0 1.0	0.48277 0.72708	0.48277 0.70826	0.44768 0.72708
grs_bay.png	1.0 1.0	0.52615 0.72708	0.48277 0.70826	0.48277 0.72708
grs_bay.png	1.0 1.0	0.52615 0.72708	0.56124 0.70826	0.52615 0.70826
grs_bay.png	1.0 1.0	0.56124 0.72708	0.56124 0.70826	0.52615 0.72708
grs_bay.png	1.0 1.0	0.60244 0.68899	0.56119 0.68899	0.60244 0.70781
grs_bay.png	1.0 1.0	0.93620 0.06149	0.81646 0.02258	0.93620 0.18740
grs_bay.png	1.0 1.0	0.93620 0.06149	0.93620 0.18740	0.95666 0.12444
grs_bay.png	1.0 1.0	0.88265 0.02258	0.81646 0.02258	0.93620 0.06149
grs_bay.png	1.0 1.0	0.81646 0.02258	0.74245 0.12444	0.88265 0.22630
grs_bay.png	1.0 1.0	0.76291 0.06149	0.74245 0.12444	0.81646 0.02258
grs_bay.png	1.0 1.0	0.64370 0.70765	0.60033 0.70765	0.64370 0.72647
grs_bay.png	1.0 1.0	0.76291 0.18740	0.88265 0.22630	0.74245 0.12444
grs_bay.png	1.0 1.0	0.81646 0.22630	0.88265 0.22630	0.76291 0.18740
grs_bay.png	1.0 1.0	0.52615 0.70826	0.48277 0.70826	0.52615 0.72708
grs_bay.png	1.0 1.0	0.93620 0.18740	0.81646 0.02258	0.88265 0.22630
grs_bay.png	1.0 1.0	0.54448 0.03972	0.53498 0.04922	0.71552 0.04922
grs_bay.png	1.0 1.0	0.71552 0.04922	0.70602 0.03972	0.54448 0.03972
grs_bay.png	1.0 1.0	0.94900 0.92822	0.95405 0.92804	0.94885 0.92368
grs_bay.png	1.0 1.0	0.94900 0.92822	0.95580 0.97802	0.95405 0.92804
grs_bay.png	1.0 1.0	0.94885 0.92368	0.95405 0.92804	0.95389 0.92350
grs_bay.png	1.0 1.0	0.53498 0.04922	0.71552 0.15374	0.71552 0.04922
grs_bay.png	1.0 1.0	0.53498 0.04922	0.53498 0.15374	0.71552 0.15374
grs_bay.png	1.0 1.0	0.95075 0.97820	0.95580 0.97802	0.94900 0.92822
grs_bay.png	1.0 1.0	0.95075 0.97820	0.95595 0.98257	0.95580 0.97802
grs_bay.png	1.0 1.0	0.53498 0.15374	0.70602 0.16324	0.71552 0.15374
grs_bay.png	1.0 1.0	0.53498 0.15374	0.54448 0.16324	0.70602 0.16324
grs_bay.png	1.0 1.0	0.36581 0.24941	0.36077 0.24929	0.36565 0.25584
grs_bay.png	1.0 1.0	0.95091 0.98274	0.95595 0.98257	0.95075 0.97820
grs_bay.png	1.0 1.0	0.94988 0.99177	0.95492 0.99177	0.94988 0.91448
grs_bay.png	1.0 1.0	0.36565 0.25584	0.36077 0.24929	0.36061 0.25572
grs_bay.png	1.0 1.0	0.54571 0.03873	0.52625 0.04247	0.53620 0.04823
grs_bay.png	1.0 1.0	0.54571 0.03873	0.53680 0.03192	0.52625 0.04247
grs_bay.png	1.0 1.0	0.53620 0.04823	0.52625 0.15563	0.53620 0.15275
grs_bay.png	1.0 1.0	0.53620 0.04823	0.52625 0.04247	0.52625 0.15563
grs_bay.png	1.0 1.0	0.70724 0.03873	0.53680 0.03192	0.54571 0.03873
grs_bay.png	1.0 1.0	0.70724 0.03873	0.71614 0.03192	0.53680 0.03192
grs_bay.png	1.0 1.0	0.70724 0.03873	0.72669 0.04247	0.71614 0.03192
grs_bay.png	1.0 1.0	0.71674 0.04823	0.72669 0.04247	0.70724 0.03873
grs_bay.png	1.0 1.0	0.71674 0.15275	0.72669 0.04247	0.71674 0.04823
grs_bay.png	1.0 1.0	0.71674 0.15275	0.72669 0.15851	0.72669 0.04247
grs_bay.png	1.0 1.0	0.95492 0.99177	0.95492 0.91448	0.94988 0.91448
grs_bay.png	1.0 1.0	0.54571 0.16226	0.71614 0.16906	0.70724 0.16226
grs_bay.png	1.0 1.0	0.54571 0.16226	0.53680 0.16906	0.71614 0.16906
grs_bay.png	1.0 1.0	0.70724 0.16226	0.72669 0.15851	0.71674 0.15275
grs_bay.png	1.0 1.0	0.70724 0.16226	0.71614 0.16906	0.72669 0.15851
grs_bay.png	1.0 1.0	0.53620 0.15275	0.52625 0.15563	0.54571 0.16226
grs_bay.png	1.0 1.0	0.94830 0.98104	0.94850 0.98609	0.95834 0.97931
grs_bay.png	1.0 1.0	0.95834 0.97931	0.94636 0.92556	0.94830 0.98104
grs_bay.png	1.0 1.0	0.95834 0.97931	0.95645 0.92520	0.94636 0.92556
grs_bay.png	1.0 1.0	0.52625 0.15563	0.53680 0.16906	0.54571 0.16226
grs_bay.png	1.0 1.0	0.95834 0.97931	0.94850 0.98609	0.95859 0.98573
grs_bay.png	1.0 1.0	0.94636 0.92556	0.95630 0.92016	0.94621 0.92051
grs_bay.png	1.0 1.0	0.95645 0.92520	0.95630 0.92016	0.94636 0.92556
grs_bay.png	1.0 1.0	0.95745 0.99603	0.95745 0.91022	0.94735 0.99603
grs_bay.png	1.0 1.0	0.95745 0.91022	0.94735 0.91022	0.94735 0.99603
grs_bay.png	1.0 1.0	0.97956 0.03624	0.99563 0.00840	0.96348 0.00840
grs_bay.png	1.0 1.0	0.99563 0.00840	0.96348 0.00840	0.97956 0.03624
grs_bay.png	1.0 1.0	0.99563 0.00840	0.96348 0.00840	0.97956 0.03624
grs_bay.png	1.0 1.0	0.99490 0.04163	0.96276 0.04163	0.97883 0.06946
grs_bay.png	1.0 1.0	0.97956 0.03624	0.99563 0.00840	0.96348 0.00840
grs_bay.png	1.0 1.0	0.99563 0.00840	0.96348 0.00840	0.97956 0.03624
grs_bay.png	1.0 1.0	0.99563 0.00840	0.96348 0.00840	0.97956 0.03624
grs_bay.png	1.0 1.0	0.99490 0.04163	0.96276 0.04163	0.97883 0.06946
grs_bay.png	1.0 1.0	0.45786 0.04132	0.32941 0.04132	0.32185 0.04888
grs_bay.png	1.0 1.0	0.95118 0.99462	0.95622 0.91733	0.95118 0.91733
grs_bay.png	1.0 1.0	0.32185 0.04888	0.46542 0.04888	0.45786 0.04132
grs_bay.png	1.0 1.0	0.32185 0.04888	0.32185 0.13199	0.46542 0.04888
grs_bay.png	1.0 1.0	0.95580 0.92822	0.94900 0.97802	0.95405 0.97820
grs_bay.png	1.0 1.0	0.95595 0.92368	0.95075 0.92804	0.95580 0.92822
grs_bay.png	1.0 1.0	0.36077 0.25584	0.36565 0.24929	0.36061 0.24941
grs_bay.png	1.0 1.0	0.36077 0.25584	0.36581 0.25572	0.36565 0.24929
grs_bay.png	1.0 1.0	0.32185 0.13199	0.46542 0.13199	0.46542 0.04888
grs_bay.png	1.0 1.0	0.32185 0.13199	0.32941 0.13955	0.46542 0.13199
grs_bay.png	1.0 1.0	0.95405 0.97820	0.94885 0.98257	0.95389 0.98274
grs_bay.png	1.0 1.0	0.32941 0.13955	0.45786 0.13955	0.46542 0.13199
grs_bay.png	1.0 1.0	0.95492 0.91448	0.94988 0.99177	0.95492 0.99177
grs_bay.png	1.0 1.0	0.95492 0.91448	0.94988 0.91448	0.94988 0.99177
grs_bay.png	1.0 1.0	0.36077 0.25584	0.36565 0.24929	0.36061 0.24941
grs_bay.png	1.0 1.0	0.95622 0.99462	0.95622 0.91733	0.95118 0.99462
grs_bay.png	1.0 1.0	0.45858 0.04336	0.46565 0.03795	0.33012 0.04336
grs_bay.png	1.0 1.0	0.46613 0.05091	0.47404 0.04633	0.45858 0.04336
grs_bay.png	1.0 1.0	0.95091 0.92350	0.95075 0.92804	0.95595 0.92368
grs_bay.png	1.0 1.0	0.33012 0.04336	0.31465 0.04633	0.32257 0.05091
grs_bay.png	1.0 1.0	0.95075 0.92804	0.94900 0.97802	0.95580 0.92822
grs_bay.png	1.0 1.0	0.32257 0.05091	0.31465 0.04633	0.32257 0.13403
grs_bay.png	1.0 1.0	0.94900 0.97802	0.94885 0.98257	0.95405 0.97820
grs_bay.png	1.0 1.0	0.32257 0.13403	0.31465 0.13861	0.33012 0.14159
grs_bay.png	1.0 1.0	0.36581 0.25572	0.36565 0.24929	0.36077 0.25584
grs_bay.png	1.0 1.0	0.45858 0.14159	0.47404 0.13632	0.46613 0.13403
grs_bay.png	1.0 1.0	0.45858 0.14159	0.46565 0.14700	0.47404 0.13632
grs_bay.png	1.0 1.0	0.33012 0.14159	0.32304 0.14700	0.45858 0.14159
grs_bay.png	1.0 1.0	0.46613 0.13403	0.47404 0.13632	0.46613 0.05091
grs_bay.png	1.0 1.0	0.95650 0.98104	0.95844 0.92556	0.94646 0.97931
grs_bay.png	1.0 1.0	0.47404 0.13632	0.47404 0.04633	0.46613 0.05091
grs_bay.png	1.0 1.0	0.94646 0.97931	0.95630 0.98609	0.95650 0.98104
grs_bay.png	1.0 1.0	0.95844 0.92556	0.94835 0.92520	0.94646 0.97931
grs_bay.png	1.0 1.0	0.95844 0.92556	0.94850 0.92016	0.94835 0.92520
grs_bay.png	1.0 1.0	0.47404 0.04633	0.46565 0.03795	0.45858 0.04336
grs_bay.png	1.0 1.0	0.95859 0.92051	0.94850 0.92016	0.95844 0.92556
grs_bay.png	1.0 1.0	0.95745 0.99603	0.94735 0.91022	0.94735 0.99603
grs_bay.png	1.0 1.0	0.95745 0.99603	0.95745 0.91022	0.94735 0.91022
grs_bay.png	1.0 1.0	0.46565 0.03795	0.32304 0.03795	0.33012 0.04336
grs_bay.png	1.0 1.0	0.32304 0.03795	0.31465 0.04633	0.33012 0.04336
grs_bay.png	1.0 1.0	0.31465 0.04633	0.31465 0.13861	0.32257 0.13403
grs_bay.png	1.0 1.0	0.31465 0.13861	0.32304 0.14700	0.33012 0.14159
grs_bay.png	1.0 1.0	0.32304 0.14700	0.46565 0.14700	0.45858 0.14159
grs_bay.png	1.0 1.0	0.94621 0.98573	0.95630 0.98609	0.94646 0.97931
grs_bay.png	1.0 1.0	0.96171 0.99724	0.99625 0.07267	0.96171 0.07267
grs_bay.png	1.0 1.0	0.99625 0.99724	0.99625 0.07267	0.96171 0.99724
grs_bay.png	1.0 1.0	0.96689 0.07267	0.99107 0.99724	0.99107 0.07267
grs_bay.png	1.0 1.0	0.96689 0.99724	0.99107 0.99724	0.96689 0.07267
grs_bay.png	1.0 1.0	0.96171 0.99724	0.99625 0.07267	0.96171 0.07267
grs_bay.png	1.0 1.0	0.99625 0.99724	0.99625 0.07267	0.96171 0.99724
grs_bay.png	1.0 1.0	0.96689 0.07267	0.99107 0.99724	0.99107 0.07267
grs_bay.png	1.0 1.0	0.96689 0.99724	0.99107 0.99724	0.96689 0.07267
grs_bay.png	1.0 1.0	0.46844 0.68431	0.45125 0.67940	0.45125 0.68431
grs_bay.png	1.0 1.0	0.45084 0.68431	0.46885 0.67940	0.45084 0.67940
grs_bay.png	1.0 1.0	0.46885 0.68431	0.46885 0.67940	0.45084 0.68431
grs_bay.png	1.0 1.0	0.34643 0.30669	0.37971 0.27182	0.34643 0.27182
grs_bay.png	1.0 1.0	0.46844 0.67940	0.45125 0.67940	0.46844 0.68431
grs_bay.png	1.0 1.0	0.37971 0.30669	0.37971 0.27182	0.34643 0.30669
grs_bay.png	1.0 1.0	0.46885 0.68431	0.46885 0.67940	0.45084 0.68431
grs_bay.png	1.0 1.0	0.46844 0.68431	0.45125 0.67940	0.45125 0.68431
grs_bay.png	1.0 1.0	0.45084 0.68431	0.46885 0.67940	0.45084 0.67940
grs_bay.png	1.0 1.0	0.34643 0.30669	0.37971 0.27182	0.34643 0.27182
grs_bay.png	1.0 1.0	0.46844 0.67940	0.45125 0.67940	0.46844 0.68431
grs_bay.png	1.0 1.0	0.37971 0.30669	0.37971 0.27182	0.34643 0.30669
grs_bay.png	1.0 1.0	0.82651 0.52101	0.83322 0.42008	0.81139 0.41991
grs_bay.png	1.0 1.0	0.72963 0.20800	0.72329 0.21947	0.74466 0.21585
grs_bay.png	1.0 1.0	0.83046 0.34143	0.80280 0.31510	0.81365 0.41426
grs_bay.png	1.0 1.0	0.81348 0.25874	0.82272 0.25090	0.76895 0.25077
grs_bay.png	1.0 1.0	0.73944 0.25866	0.76898 0.26136	0.76895 0.25077
grs_bay.png	1.0 1.0	0.79139 0.51067	0.81058 0.54186	0.81139 0.41991
grs_bay.png	1.0 1.0	0.78970 0.30553	0.78593 0.42036	0.81139 0.41991
grs_bay.png	1.0 1.0	0.94184 0.24542	0.89621 0.23849	0.95769 0.39248
grs_bay.png	1.0 1.0	0.80883 0.24316	0.76899 0.24033	0.76895 0.25077
grs_bay.png	1.0 1.0	0.85224 0.50872	0.89637 0.54860	0.83513 0.39245
grs_bay.png	1.0 1.0	0.85224 0.50872	0.83634 0.55093	0.89637 0.54860
grs_bay.png	1.0 1.0	0.85105 0.24540	0.83513 0.39245	0.89621 0.23849
grs_bay.png	1.0 1.0	0.71820 0.24307	0.72549 0.25080	0.76895 0.25077
grs_bay.png	1.0 1.0	0.89641 0.39168	0.89637 0.54860	0.95769 0.39248
grs_bay.png	1.0 1.0	0.81139 0.41991	0.83322 0.42008	0.82513 0.35343
grs_bay.png	1.0 1.0	0.81139 0.41991	0.78593 0.42036	0.79139 0.51067
grs_bay.png	1.0 1.0	0.81139 0.41991	0.80876 0.32176	0.78970 0.30553
grs_bay.png	1.0 1.0	0.81139 0.41991	0.81058 0.54186	0.82651 0.52101
grs_bay.png	1.0 1.0	0.76895 0.25077	0.76898 0.26136	0.81348 0.25874
grs_bay.png	1.0 1.0	0.76895 0.25077	0.76899 0.24033	0.71820 0.24307
grs_bay.png	1.0 1.0	0.76895 0.25077	0.72549 0.25080	0.73944 0.25866
grs_bay.png	1.0 1.0	0.76895 0.25077	0.82272 0.25090	0.80883 0.24316
grs_bay.png	1.0 1.0	0.89635 0.60299	0.95764 0.55096	0.89637 0.54860
grs_bay.png	1.0 1.0	0.74308 0.23656	0.76480 0.22262	0.74466 0.21585
grs_bay.png	1.0 1.0	0.74466 0.21585	0.72329 0.21947	0.74308 0.23656
grs_bay.png	1.0 1.0	0.74466 0.21585	0.76480 0.22262	0.76023 0.21032
grs_bay.png	1.0 1.0	0.95769 0.39248	0.89621 0.23849	0.89641 0.39168
grs_bay.png	1.0 1.0	0.95769 0.39248	0.89637 0.54860	0.94177 0.50874
grs_bay.png	1.0 1.0	0.89621 0.23849	0.83513 0.39245	0.89641 0.39168
grs_bay.png	1.0 1.0	0.83513 0.39245	0.89637 0.54860	0.89641 0.39168
grs_bay.png	1.0 1.0	0.89637 0.54860	0.95764 0.55096	0.94177 0.50874
grs_bay.png	1.0 1.0	0.89637 0.54860	0.83634 0.55093	0.89635 0.60299
grs_bay.png	1.0 1.0	0.95087 0.66911	0.95193 0.66298	0.94815 0.66995
grs_bay.png	1.0 1.0	0.48839 0.68455	0.50459 0.68480	0.48848 0.67834
grs_bay.png	1.0 1.0	0.94815 0.66995	0.95193 0.66298	0.94964 0.66128
grs_bay.png	1.0 1.0	0.95193 0.66298	0.95752 0.65736	0.94964 0.66128
grs_bay.png	1.0 1.0	0.48848 0.67834	0.50459 0.68480	0.50468 0.67858
grs_bay.png	1.0 1.0	0.50485 0.67910	0.48821 0.68403	0.50437 0.68530
grs_bay.png	1.0 1.0	0.95750 0.66021	0.95752 0.65736	0.95193 0.66298
grs_bay.png	1.0 1.0	0.95479 0.66911	0.95602 0.66128	0.95373 0.66298
grs_bay.png	1.0 1.0	0.95752 0.66995	0.95602 0.66128	0.95479 0.66911
grs_bay.png	1.0 1.0	0.48870 0.67783	0.48821 0.68403	0.50485 0.67910
grs_bay.png	1.0 1.0	0.95602 0.66128	0.94817 0.66021	0.95373 0.66298
grs_bay.png	1.0 1.0	0.94815 0.65736	0.94817 0.66021	0.95602 0.66128
grs_bay.png	1.0 1.0	0.67223 0.51594	0.67383 0.38780	0.77493 0.54374
grs_bay.png	1.0 1.0	0.64187 0.60225	0.82578 0.60225	0.65132 0.54821
grs_bay.png	1.0 1.0	0.77493 0.54374	0.67383 0.38780	0.77719 0.36258
grs_bay.png	1.0 1.0	0.65132 0.54821	0.82578 0.60225	0.81634 0.54821
grs_bay.png	1.0 1.0	0.71186 0.30153	0.83495 0.26755	0.71186 0.26755
grs_bay.png	1.0 1.0	0.67383 0.51773	0.77493 0.36179	0.67223 0.38959
grs_bay.png	1.0 1.0	0.77719 0.54296	0.77493 0.36179	0.67383 0.51773
grs_bay.png	1.0 1.0	0.83495 0.30153	0.83495 0.26755	0.71186 0.30153
grs_bay.png	1.0 1.0	0.50152 0.68290	0.50152 0.68024	0.49155 0.68290
grs_bay.png	1.0 1.0	0.49155 0.68290	0.50152 0.68024	0.49155 0.68024
grs_bay.png	1.0 1.0	0.50089 0.68290	0.49217 0.68024	0.49217 0.68290
grs_bay.png	1.0 1.0	0.38160 0.31035	0.34510 0.35241	0.38177 0.35226
grs_bay.png	1.0 1.0	0.50089 0.68024	0.49217 0.68024	0.50089 0.68290
grs_bay.png	1.0 1.0	0.49155 0.68290	0.50152 0.68024	0.49155 0.68024
grs_bay.png	1.0 1.0	0.50152 0.68290	0.50152 0.68024	0.49155 0.68290
grs_bay.png	1.0 1.0	0.34493 0.31051	0.34510 0.35241	0.38160 0.31035
grs_bay.png	1.0 1.0	0.96056 0.90579	0.94511 0.72225	0.94511 0.90579
grs_bay.png	1.0 1.0	0.36371 0.95378	0.36309 0.95170	0.36309 0.95378
grs_bay.png	1.0 1.0	0.96056 0.72225	0.94511 0.72225	0.96056 0.90579
grs_bay.png	1.0 1.0	0.36309 0.95170	0.36371 0.95170	0.36309 0.94962
grs_bay.png	1.0 1.0	0.36371 0.95170	0.36309 0.95170	0.36371 0.95378
grs_bay.png	1.0 1.0	0.36309 0.94962	0.36371 0.95170	0.36371 0.94962
grs_bay.png	1.0 1.0	0.50886 0.68080	0.48421 0.68234	0.48426 0.68295
grs_bay.png	1.0 1.0	0.50880 0.68018	0.48421 0.68234	0.50886 0.68080
grs_bay.png	1.0 1.0	0.51539 0.68395	0.51539 0.67919	0.48205 0.68395
grs_bay.png	1.0 1.0	0.47768 0.68395	0.51539 0.68146	0.47768 0.67919
grs_bay.png	1.0 1.0	0.48205 0.68395	0.51539 0.67919	0.47768 0.68146
grs_bay.png	1.0 1.0	0.51102 0.68395	0.51539 0.68146	0.47768 0.68395
grs_bay.png	1.0 1.0	0.95418 0.71427	0.95149 0.67659	0.95089 0.67664
grs_bay.png	1.0 1.0	0.95477 0.71422	0.95149 0.67659	0.95418 0.71427
grs_bay.png	1.0 1.0	0.51572 0.68395	0.51572 0.67919	0.48153 0.68395
grs_bay.png	1.0 1.0	0.47735 0.68395	0.51572 0.68146	0.47735 0.67919
grs_bay.png	1.0 1.0	0.48153 0.68395	0.51572 0.67919	0.47735 0.68146
grs_bay.png	1.0 1.0	0.51154 0.68395	0.51572 0.68146	0.47735 0.68395
grs_bay.png	1.0 1.0	0.95421 0.71460	0.95146 0.67626	0.95086 0.67632
grs_bay.png	1.0 1.0	0.95480 0.71455	0.95146 0.67626	0.95421 0.71460
grs_bay.png	1.0 1.0	0.51541 0.68395	0.51541 0.67919	0.48113 0.68343
grs_bay.png	1.0 1.0	0.47765 0.68395	0.51541 0.68146	0.47765 0.67919
grs_bay.png	1.0 1.0	0.48113 0.68343	0.51541 0.67919	0.47765 0.68146
grs_bay.png	1.0 1.0	0.51194 0.68343	0.51541 0.68146	0.47765 0.68395
grs_bay.png	1.0 1.0	0.95418 0.71430	0.95149 0.67656	0.95089 0.67662
grs_bay.png	1.0 1.0	0.95478 0.71425	0.95149 0.67656	0.95418 0.71430
grs_bay.png	1.0 1.0	0.39367 0.39867	0.33525 0.35617	0.33525 0.39867
grs_bay.png	1.0 1.0	0.39367 0.35617	0.33525 0.35617	0.39367 0.39867

END
