// model size: 0.994 x 0.994 x 87.204
// materials used: ['repairBuoy_tugjaw.png']

NVERTS 8
NFACES 12

VERTEX
0 -0.5006 -40.04762
-0.49724 -0.00336 -87.2043
-0.49724 -0.00336 -40.04762
0 -0.5006 -87.2043
0.49724 -0.00336 -40.04762
0 0.49387 -40.04762
0 0.49387 -87.2043
0.49724 -0.00336 -87.2043

FACES
0 0 0	0 0 0	3	0 1 2
0 0 0	0 0 0	3	3 1 0
0 0 0	0 0 0	3	4 0 5
0 0 0	0 0 0	3	0 2 5
0 0 0	0 0 0	3	2 1 5
0 0 0	0 0 0	3	5 1 6
0 0 0	0 0 0	3	7 5 6
0 0 0	0 0 0	3	5 7 4
0 0 0	0 0 0	3	4 7 0
0 0 0	0 0 0	3	0 7 3
0 0 0	0 0 0	3	6 1 7
0 0 0	0 0 0	3	7 1 3

TEXTURES
0	1.0 1.0	0.56873 0.36349	0.00921 0.40155	0.56873 0.40155
0	1.0 1.0	0.00921 0.36349	0.00921 0.40155	0.56873 0.36349
0	1.0 1.0	0.57431 0.3863	0.57431 0.40121	0.58922 0.3863
0	1.0 1.0	0.57431 0.40121	0.58922 0.40121	0.58922 0.3863
0	1.0 1.0	0.00921 0.49628	0.56873 0.49628	0.00921 0.46937
0	1.0 1.0	0.00921 0.46937	0.56873 0.49628	0.56873 0.46937
0	1.0 1.0	0.56873 0.44246	0.00921 0.46937	0.56873 0.46937
0	1.0 1.0	0.00921 0.46937	0.56873 0.44246	0.00921 0.44246
0	1.0 1.0	0.00921 0.44246	0.56873 0.44246	0.00921 0.4044
0	1.0 1.0	0.00921 0.4044	0.56873 0.44246	0.56873 0.4044
0	1.0 1.0	0.5894 0.40305	0.57449 0.40305	0.5894 0.41796
0	1.0 1.0	0.5894 0.41796	0.57449 0.40305	0.57449 0.41796

NAMES 1
repairBuoy_tugjaw.png

NORMALS
0 -0.8165 0.57735
-0.8165 0 -0.57735
-0.8165 0 0.57735
0 -0.8165 -0.57735
0.70711 0 0.70711
0 0.70711 0.70711
0 0.70711 -0.70711
0.70711 0 -0.70711

END
