// Converted by Obj2DatTexNorm.py Wavefront OBJ file conversion script
// (c) 2005-2013 By Giles Williams and Jens Ayton
// 
// original file: "repairbuoy_tugjaw.obj"
// 
// model size: 4.042 x 4.735 x 4.042
// 
// materials used: ['repairBuoy_tugjaw.png']
// 
NVERTS 64
NFACES 36

VERTEX
0.92431 -0.92431 2.0208
0.92431 0.92431 2.0208
2.0208 -0.6736 2.0208
0.92431 -0.92431 2.0208
2.0208 -2.0208 0.6736
0.6736 -2.0208 2.0208
-0.92431 0.92431 2.0208
-0.6736 2.0208 2.0208
0.6736 2.0208 2.0208
-0.92431 -0.92431 2.0208
-2.0208 -0.6736 2.0208
-2.0208 0.6736 2.0208
-0.92431 -0.92431 2.0208
-0.6736 -2.0208 2.0208
-2.0208 -2.0208 0.6736
2.0208 -2.36757 -2.0208
2.0208 -0.6736 2.0208
2.0208 2.36757 -2.0208
2.0208 -2.36757 -2.0208
0.6736 -2.0208 2.0208
2.0208 -2.0208 0.6736
2.0208 2.36757 -2.0208
-2.0208 -2.36757 -2.0208
2.0208 -2.36757 -2.0208
2.0208 0.6736 2.0208
2.0208 2.0208 0.6736
2.0208 2.36757 -2.0208
-0.6736 2.0208 2.0208
-2.0208 2.36757 -2.0208
-2.0208 2.36757 -2.0208
-2.0208 2.0208 0.6736
-2.0208 2.36757 -2.0208
-2.0208 0.6736 2.0208
-2.0208 -2.36757 -2.0208
-2.0208 -2.36757 -2.0208
-2.0208 -0.6736 2.0208
-2.0208 -2.0208 0.6736
2.0208 0.6736 2.0208
2.0208 -0.6736 2.0208
2.0208 -2.0208 0.6736
0.92431 -0.92431 2.0208
0.6736 -2.0208 2.0208
-0.6736 -2.0208 2.0208
-0.6736 -2.0208 2.0208
2.0208 -2.0208 0.6736
0.6736 2.0208 2.0208
2.0208 2.0208 0.6736
0.92431 0.92431 2.0208
0.6736 2.0208 2.0208
2.0208 2.0208 0.6736
2.0208 0.6736 2.0208
0.92431 0.92431 2.0208
2.0208 2.0208 0.6736
-2.0208 0.6736 2.0208
-2.0208 2.0208 0.6736
-0.92431 0.92431 2.0208
-2.0208 2.0208 0.6736
-0.6736 2.0208 2.0208
-0.92431 0.92431 2.0208
-2.0208 2.0208 0.6736
-2.0208 -2.0208 0.6736
-2.0208 -2.0208 0.6736
-2.0208 -0.6736 2.0208
-0.92431 -0.92431 2.0208

FACES
0 0 0	0 0 0	3	0 1 2
0 0 0	0 0 0	3	3 4 5
0 0 0	0 0 0	3	1 0 6
0 0 0	0 0 0	3	1 7 8
0 0 0	0 0 0	3	6 0 9
0 0 0	0 0 0	3	6 10 11
0 0 0	0 0 0	3	12 13 14
0 0 0	0 0 0	3	15 16 17
0 0 0	0 0 0	3	18 19 20
0 0 0	0 0 0	3	21 22 23
0 0 0	0 0 0	3	17 24 25
0 0 0	0 0 0	3	26 27 28
0 0 0	0 0 0	3	29 22 21
0 0 0	0 0 0	3	28 27 30
0 0 0	0 0 0	3	31 32 33
0 0 0	0 0 0	3	34 19 18
0 0 0	0 0 0	3	33 35 36
0 0 0	0 0 0	3	2 1 37
0 0 0	0 0 0	3	38 39 40
0 0 0	0 0 0	3	24 17 16
0 0 0	0 0 0	3	41 9 0
0 0 0	0 0 0	3	19 34 42
0 0 0	0 0 0	3	43 9 41
0 0 0	0 0 0	3	44 16 15
0 0 0	0 0 0	3	45 46 47
0 0 0	0 0 0	3	7 1 6
0 0 0	0 0 0	3	27 26 48
0 0 0	0 0 0	3	49 50 51
0 0 0	0 0 0	3	52 48 26
0 0 0	0 0 0	3	53 54 55
0 0 0	0 0 0	3	10 6 9
0 0 0	0 0 0	3	35 33 32
0 0 0	0 0 0	3	56 57 58
0 0 0	0 0 0	3	59 32 31
0 0 0	0 0 0	3	60 42 34
0 0 0	0 0 0	3	61 62 63

TEXTURES
0	1.0 1.0	0.55255 0.74982	0.70933 0.59304	0.48082 0.63556
0	1.0 1.0	0.68416 0.20081	0.93053 0.20081	0.73831 0.07725
0	1.0 1.0	0.70933 0.59304	0.55255 0.74982	0.86611 0.74982
0	1.0 1.0	0.70933 0.59304	0.93784 0.63556	0.82358 0.52131
0	1.0 1.0	0.86611 0.74982	0.55255 0.74982	0.70933 0.9066
0	1.0 1.0	0.86611 0.74982	0.82358 0.97832	0.93784 0.86407
0	1.0 1.0	0.91612 0.20081	0.86197 0.07725	0.66975 0.20081
0	1.0 1.0	0.57681 0.49465	0.37364 0.00991	0.00889 0.49465
0	1.0 1.0	0.05051 0.4964	0.21209 0.00991	0.05051 0.17074
0	1.0 1.0	0.99065 0.99176	0.42273 0.50703	0.42273 0.99176
0	1.0 1.0	0.00889 0.49465	0.21206 0.00991	0.05048 0.17149
0	1.0 1.0	0.53525 0.4964	0.21209 0.00991	0.05051 0.4964
0	1.0 1.0	0.99065 0.50703	0.42273 0.50703	0.99065 0.99176
0	1.0 1.0	0.05051 0.4964	0.21209 0.00991	0.05051 0.17074
0	1.0 1.0	0.57681 0.49465	0.37364 0.00991	0.00889 0.49465
0	1.0 1.0	0.53525 0.4964	0.21209 0.00991	0.05051 0.4964
0	1.0 1.0	0.00889 0.49465	0.21206 0.00991	0.05048 0.17149
0	1.0 1.0	0.48082 0.63556	0.70933 0.59304	0.59507 0.52131
0	1.0 1.0	0.86197 0.07725	0.66975 0.20081	0.91612 0.20081
0	1.0 1.0	0.21206 0.00991	0.00889 0.49465	0.37364 0.00991
0	1.0 1.0	0.48082 0.86407	0.70933 0.9066	0.55255 0.74982
0	1.0 1.0	0.21209 0.00991	0.53525 0.4964	0.37367 0.00991
0	1.0 1.0	0.59507 0.97832	0.70933 0.9066	0.48082 0.86407
0	1.0 1.0	0.53522 0.17149	0.37364 0.00991	0.57681 0.49465
0	1.0 1.0	0.86197 0.07725	0.66975 0.20081	0.91612 0.20081
0	1.0 1.0	0.93784 0.63556	0.70933 0.59304	0.86611 0.74982
0	1.0 1.0	0.21209 0.00991	0.53525 0.4964	0.37367 0.00991
0	1.0 1.0	0.93053 0.20081	0.73831 0.07725	0.68416 0.20081
0	1.0 1.0	0.53525 0.17074	0.37367 0.00991	0.53525 0.4964
0	1.0 1.0	0.86197 0.07725	0.66975 0.20081	0.91612 0.20081
0	1.0 1.0	0.82358 0.97832	0.86611 0.74982	0.70933 0.9066
0	1.0 1.0	0.21206 0.00991	0.00889 0.49465	0.37364 0.00991
0	1.0 1.0	0.93053 0.20081	0.73831 0.07725	0.68416 0.20081
0	1.0 1.0	0.53522 0.17149	0.37364 0.00991	0.57681 0.49465
0	1.0 1.0	0.53525 0.17074	0.37367 0.00991	0.53525 0.4964
0	1.0 1.0	0.93053 0.20081	0.73831 0.07725	0.68416 0.20081

NAMES 1
repairBuoy_tugjaw.png

NORMALS
0.15507 -0.15507 0.97566
0.13174 0.13174 0.98249
0.74996 -0.16569 0.6404
0.15507 -0.15507 0.97566
0.63886 -0.59289 0.49025
0.1868 -0.71039 0.67857
-0.13174 0.13174 0.98249
-0.1868 0.71039 0.67857
0.27631 0.71696 0.64002
-0.15507 -0.15507 0.97566
-0.61253 -0.19799 0.76525
-0.86463 0.19102 0.46467
-0.15507 -0.15507 0.97566
-0.27631 -0.71696 0.64002
-0.63886 -0.59289 0.49025
0.70635 -0.65771 -0.2617
0.74996 -0.16569 0.6404
0.67378 0.64143 -0.36686
0.70635 -0.65771 -0.2617
0.1868 -0.71039 0.67857
0.63886 -0.59289 0.49025
0.67378 0.64143 -0.36686
-0.67378 -0.64143 -0.36686
0.70635 -0.65771 -0.2617
0.76189 0.24626 0.59906
0.63886 0.59289 0.49025
0.67378 0.64143 -0.36686
-0.1868 0.71039 0.67857
-0.70635 0.65771 -0.2617
-0.70635 0.65771 -0.2617
-0.63886 0.59289 0.49025
-0.70635 0.65771 -0.2617
-0.86463 0.19102 0.46467
-0.67378 -0.64143 -0.36686
-0.67378 -0.64143 -0.36686
-0.61253 -0.19799 0.76525
-0.63886 -0.59289 0.49025
0.76189 0.24626 0.59906
0.74996 -0.16569 0.6404
0.63886 -0.59289 0.49025
0.15507 -0.15507 0.97566
0.1868 -0.71039 0.67857
-0.27631 -0.71696 0.64002
-0.27631 -0.71696 0.64002
0.63886 -0.59289 0.49025
0.27631 0.71696 0.64002
0.63886 0.59289 0.49025
0.13174 0.13174 0.98249
0.27631 0.71696 0.64002
0.63886 0.59289 0.49025
0.76189 0.24626 0.59906
0.13174 0.13174 0.98249
0.63886 0.59289 0.49025
-0.86463 0.19102 0.46467
-0.63886 0.59289 0.49025
-0.13174 0.13174 0.98249
-0.63886 0.59289 0.49025
-0.1868 0.71039 0.67857
-0.13174 0.13174 0.98249
-0.63886 0.59289 0.49025
-0.63886 -0.59289 0.49025
-0.63886 -0.59289 0.49025
-0.61253 -0.19799 0.76525
-0.15507 -0.15507 0.97566

END
